[0;38;2;96;130;200;48;2;17;22;30m╭[0;38;2;122;162;247;48;2;17;22;30;1m 2026-10-08 · provisional [0;38;2;108;122;143;48;2;17;22;30;1m today · 0 blocks [0;38;2;96;130;200;48;2;17;22;30m──────────────────────────────────────────────────────╮[0;38;2;45;55;72;48;2;17;22;30m╭[0;38;2;70;80;98;48;2;17;22;30;1m LINKED REFERENCES [0;38;2;122;162;247;48;2;17;22;30;1m 0 [0;38;2;45;55;72;48;2;17;22;30m────────────────╮[0m
[0;38;2;96;130;200;48;2;17;22;30m│[0;38;2;255;213;128;48;2;35;46;66m▌• [0;38;2;205;214;228;48;2;35;46;66mWoke up thinking about the sync story[0;38;2;255;213;128;48;2;35;46;66;1m▏[0;38;2;205;214;228;48;2;17;22;30m                                                         [0;38;2;96;130;200;48;2;17;22;30m│[0;38;2;45;55;72;48;2;17;22;30m│[0;38;2;70;80;98;48;2;17;22;30mno links yet[0;38;2;205;214;228;48;2;17;22;30m                          [0;38;2;45;55;72;48;2;17;22;30m│[0m
[0;38;2;96;130;200;48;2;17;22;30m│[0;38;2;205;214;228;48;2;17;22;30m                                                                                                  [0;38;2;96;130;200;48;2;17;22;30m│[0;38;2;45;55;72;48;2;17;22;30m│[0;38;2;205;214;228;48;2;17;22;30m                                      [0;38;2;45;55;72;48;2;17;22;30m│[0m
[0;38;2;96;130;200;48;2;17;22;30m│[0;38;2;205;214;228;48;2;17;22;30m   [0;38;2;255;158;100;48;2;17;22;30mthe first keystroke is what creates this day[0;38;2;205;214;228;48;2;17;22;30m                                                   [0;38;2;96;130;200;48;2;17;22;30m│[0;38;2;45;55;72;48;2;17;22;30m│[0;38;2;70;80;98;48;2;17;22;30mcreate one with [[page]] or ((block))[0;38;2;205;214;228;48;2;17;22;30m [0;38;2;45;55;72;48;2;17;22;30m│[0m
[0;38;2;96;130;200;48;2;17;22;30m│[0;38;2;205;214;228;48;2;17;22;30m                                                                                                  [0;38;2;96;130;200;48;2;17;22;30m│[0;38;2;45;55;72;48;2;17;22;30m│[0;38;2;70;80;98;48;2;17;22;30m──────────────────────────────────────[0;38;2;45;55;72;48;2;17;22;30m│[0m
[0;38;2;96;130;200;48;2;17;22;30m│[0;38;2;205;214;228;48;2;17;22;30m                                                                                                  [0;38;2;96;130;200;48;2;17;22;30m│[0;38;2;45;55;72;48;2;17;22;30m│[0;38;2;70;80;98;48;2;17;22;30;1mUNLINKED [0;38;2;70;80;98;48;2;17;22;30m(mentions of this title)[0;38;2;205;214;228;48;2;17;22;30m     [0;38;2;45;55;72;48;2;17;22;30m│[0m
[0;38;2;96;130;200;48;2;17;22;30m│[0;38;2;205;214;228;48;2;17;22;30m                                                                                                  [0;38;2;96;130;200;48;2;17;22;30m│[0;38;2;45;55;72;48;2;17;22;30m│[0;38;2;70;80;98;48;2;17;22;30m· none[0;38;2;205;214;228;48;2;17;22;30m                                [0;38;2;45;55;72;48;2;17;22;30m│[0m
[0;38;2;96;130;200;48;2;17;22;30m│[0;38;2;205;214;228;48;2;17;22;30m                                                                                                  [0;38;2;96;130;200;48;2;17;22;30m│[0;38;2;45;55;72;48;2;17;22;30m│[0;38;2;205;214;228;48;2;17;22;30m                                      [0;38;2;45;55;72;48;2;17;22;30m│[0m
[0;38;2;96;130;200;48;2;17;22;30m│[0;38;2;205;214;228;48;2;17;22;30m                                                                                                  [0;38;2;96;130;200;48;2;17;22;30m│[0;38;2;45;55;72;48;2;17;22;30m│[0;38;2;205;214;228;48;2;17;22;30m                                      [0;38;2;45;55;72;48;2;17;22;30m│[0m
[0;38;2;96;130;200;48;2;17;22;30m│[0;38;2;205;214;228;48;2;17;22;30m                                                                                                  [0;38;2;96;130;200;48;2;17;22;30m│[0;38;2;45;55;72;48;2;17;22;30m│[0;38;2;205;214;228;48;2;17;22;30m                                      [0;38;2;45;55;72;48;2;17;22;30m│[0m
[0;38;2;96;130;200;48;2;17;22;30m│[0;38;2;205;214;228;48;2;17;22;30m                                                                                                  [0;38;2;96;130;200;48;2;17;22;30m│[0;38;2;45;55;72;48;2;17;22;30m│[0;38;2;205;214;228;48;2;17;22;30m                                      [0;38;2;45;55;72;48;2;17;22;30m│[0m
[0;38;2;96;130;200;48;2;17;22;30m│[0;38;2;205;214;228;48;2;17;22;30m                                                                                                  [0;38;2;96;130;200;48;2;17;22;30m│[0;38;2;45;55;72;48;2;17;22;30m│[0;38;2;205;214;228;48;2;17;22;30m                                      [0;38;2;45;55;72;48;2;17;22;30m│[0m
[0;38;2;96;130;200;48;2;17;22;30m│[0;38;2;205;214;228;48;2;17;22;30m                                                                                                  [0;38;2;96;130;200;48;2;17;22;30m│[0;38;2;45;55;72;48;2;17;22;30m│[0;38;2;205;214;228;48;2;17;22;30m                                      [0;38;2;45;55;72;48;2;17;22;30m│[0m
[0;38;2;96;130;200;48;2;17;22;30m│[0;38;2;205;214;228;48;2;17;22;30m                                                                                                  [0;38;2;96;130;200;48;2;17;22;30m│[0;38;2;45;55;72;48;2;17;22;30m│[0;38;2;205;214;228;48;2;17;22;30m                                      [0;38;2;45;55;72;48;2;17;22;30m│[0m
[0;38;2;96;130;200;48;2;17;22;30m│[0;38;2;205;214;228;48;2;17;22;30m                                                                                                  [0;38;2;96;130;200;48;2;17;22;30m│[0;38;2;45;55;72;48;2;17;22;30m│[0;38;2;205;214;228;48;2;17;22;30m                                      [0;38;2;45;55;72;48;2;17;22;30m│[0m
[0;38;2;96;130;200;48;2;17;22;30m│[0;38;2;205;214;228;48;2;17;22;30m                                                                                                  [0;38;2;96;130;200;48;2;17;22;30m│[0;38;2;45;55;72;48;2;17;22;30m│[0;38;2;205;214;228;48;2;17;22;30m                                      [0;38;2;45;55;72;48;2;17;22;30m│[0m
[0;38;2;96;130;200;48;2;17;22;30m│[0;38;2;205;214;228;48;2;17;22;30m                                                                                                  [0;38;2;96;130;200;48;2;17;22;30m│[0;38;2;45;55;72;48;2;17;22;30m│[0;38;2;205;214;228;48;2;17;22;30m                                      [0;38;2;45;55;72;48;2;17;22;30m│[0m
[0;38;2;96;130;200;48;2;17;22;30m│[0;38;2;205;214;228;48;2;17;22;30m                                                                                                  [0;38;2;96;130;200;48;2;17;22;30m│[0;38;2;45;55;72;48;2;17;22;30m│[0;38;2;205;214;228;48;2;17;22;30m                                      [0;38;2;45;55;72;48;2;17;22;30m│[0m
[0;38;2;96;130;200;48;2;17;22;30m│[0;38;2;205;214;228;48;2;17;22;30m                                                                                                  [0;38;2;96;130;200;48;2;17;22;30m│[0;38;2;45;55;72;48;2;17;22;30m│[0;38;2;205;214;228;48;2;17;22;30m                                      [0;38;2;45;55;72;48;2;17;22;30m│[0m
[0;38;2;96;130;200;48;2;17;22;30m│[0;38;2;205;214;228;48;2;17;22;30m                                                                                                  [0;38;2;96;130;200;48;2;17;22;30m│[0;38;2;45;55;72;48;2;17;22;30m│[0;38;2;205;214;228;48;2;17;22;30m                                      [0;38;2;45;55;72;48;2;17;22;30m│[0m
[0;38;2;96;130;200;48;2;17;22;30m│[0;38;2;205;214;228;48;2;17;22;30m                                                                                                  [0;38;2;96;130;200;48;2;17;22;30m│[0;38;2;45;55;72;48;2;17;22;30m│[0;38;2;205;214;228;48;2;17;22;30m                                      [0;38;2;45;55;72;48;2;17;22;30m│[0m
[0;38;2;96;130;200;48;2;17;22;30m│[0;38;2;205;214;228;48;2;17;22;30m                                                                                                  [0;38;2;96;130;200;48;2;17;22;30m│[0;38;2;45;55;72;48;2;17;22;30m│[0;38;2;205;214;228;48;2;17;22;30m                                      [0;38;2;45;55;72;48;2;17;22;30m│[0m
[0;38;2;96;130;200;48;2;17;22;30m│[0;38;2;205;214;228;48;2;17;22;30m                                                                                                  [0;38;2;96;130;200;48;2;17;22;30m│[0;38;2;45;55;72;48;2;17;22;30m│[0;38;2;205;214;228;48;2;17;22;30m                                      [0;38;2;45;55;72;48;2;17;22;30m│[0m
[0;38;2;96;130;200;48;2;17;22;30m│[0;38;2;205;214;228;48;2;17;22;30m                                                                                                  [0;38;2;96;130;200;48;2;17;22;30m│[0;38;2;45;55;72;48;2;17;22;30m│[0;38;2;205;214;228;48;2;17;22;30m                                      [0;38;2;45;55;72;48;2;17;22;30m│[0m
[0;38;2;96;130;200;48;2;17;22;30m│[0;38;2;205;214;228;48;2;17;22;30m                                                                                                  [0;38;2;96;130;200;48;2;17;22;30m│[0;38;2;45;55;72;48;2;17;22;30m│[0;38;2;205;214;228;48;2;17;22;30m                                      [0;38;2;45;55;72;48;2;17;22;30m│[0m
[0;38;2;96;130;200;48;2;17;22;30m│[0;38;2;205;214;228;48;2;17;22;30m                                                                                                  [0;38;2;96;130;200;48;2;17;22;30m│[0;38;2;45;55;72;48;2;17;22;30m│[0;38;2;205;214;228;48;2;17;22;30m                                      [0;38;2;45;55;72;48;2;17;22;30m│[0m
[0;38;2;96;130;200;48;2;17;22;30m│[0;38;2;205;214;228;48;2;17;22;30m                                                                                                  [0;38;2;96;130;200;48;2;17;22;30m│[0;38;2;45;55;72;48;2;17;22;30m│[0;38;2;205;214;228;48;2;17;22;30m                                      [0;38;2;45;55;72;48;2;17;22;30m│[0m
[0;38;2;96;130;200;48;2;17;22;30m│[0;38;2;205;214;228;48;2;17;22;30m                                                                                                  [0;38;2;96;130;200;48;2;17;22;30m│[0;38;2;45;55;72;48;2;17;22;30m│[0;38;2;205;214;228;48;2;17;22;30m                                      [0;38;2;45;55;72;48;2;17;22;30m│[0m
[0;38;2;96;130;200;48;2;17;22;30m│[0;38;2;205;214;228;48;2;17;22;30m                                                                                                  [0;38;2;96;130;200;48;2;17;22;30m│[0;38;2;45;55;72;48;2;17;22;30m│[0;38;2;205;214;228;48;2;17;22;30m                                      [0;38;2;45;55;72;48;2;17;22;30m│[0m
[0;38;2;96;130;200;48;2;17;22;30m│[0;38;2;205;214;228;48;2;17;22;30m                                                                                                  [0;38;2;96;130;200;48;2;17;22;30m│[0;38;2;45;55;72;48;2;17;22;30m│[0;38;2;205;214;228;48;2;17;22;30m                                      [0;38;2;45;55;72;48;2;17;22;30m│[0m
[0;38;2;96;130;200;48;2;17;22;30m│[0;38;2;205;214;228;48;2;17;22;30m                                                                                                  [0;38;2;96;130;200;48;2;17;22;30m│[0;38;2;45;55;72;48;2;17;22;30m│[0;38;2;205;214;228;48;2;17;22;30m                                      [0;38;2;45;55;72;48;2;17;22;30m│[0m
[0;38;2;96;130;200;48;2;17;22;30m│[0;38;2;205;214;228;48;2;17;22;30m                                                                                                  [0;38;2;96;130;200;48;2;17;22;30m│[0;38;2;45;55;72;48;2;17;22;30m│[0;38;2;205;214;228;48;2;17;22;30m                                      [0;38;2;45;55;72;48;2;17;22;30m│[0m
[0;38;2;96;130;200;48;2;17;22;30m│[0;38;2;205;214;228;48;2;17;22;30m                                                                                                  [0;38;2;96;130;200;48;2;17;22;30m│[0;38;2;45;55;72;48;2;17;22;30m│[0;38;2;205;214;228;48;2;17;22;30m                                      [0;38;2;45;55;72;48;2;17;22;30m│[0m
[0;38;2;96;130;200;48;2;17;22;30m│[0;38;2;205;214;228;48;2;17;22;30m                                                                                                  [0;38;2;96;130;200;48;2;17;22;30m│[0;38;2;45;55;72;48;2;17;22;30m│[0;38;2;205;214;228;48;2;17;22;30m                                      [0;38;2;45;55;72;48;2;17;22;30m│[0m
[0;38;2;96;130;200;48;2;17;22;30m│[0;38;2;205;214;228;48;2;17;22;30m                                                                                                  [0;38;2;96;130;200;48;2;17;22;30m│[0;38;2;45;55;72;48;2;17;22;30m│[0;38;2;205;214;228;48;2;17;22;30m                                      [0;38;2;45;55;72;48;2;17;22;30m│[0m
[0;38;2;96;130;200;48;2;17;22;30m│[0;38;2;205;214;228;48;2;17;22;30m                                                                                                  [0;38;2;96;130;200;48;2;17;22;30m│[0;38;2;45;55;72;48;2;17;22;30m│[0;38;2;205;214;228;48;2;17;22;30m                                      [0;38;2;45;55;72;48;2;17;22;30m│[0m
[0;38;2;96;130;200;48;2;17;22;30m│[0;38;2;205;214;228;48;2;17;22;30m                                                                                                  [0;38;2;96;130;200;48;2;17;22;30m│[0;38;2;45;55;72;48;2;17;22;30m│[0;38;2;205;214;228;48;2;17;22;30m                                      [0;38;2;45;55;72;48;2;17;22;30m│[0m
[0;38;2;96;130;200;48;2;17;22;30m│[0;38;2;205;214;228;48;2;17;22;30m                                                                                                  [0;38;2;96;130;200;48;2;17;22;30m│[0;38;2;45;55;72;48;2;17;22;30m│[0;38;2;205;214;228;48;2;17;22;30m                                      [0;38;2;45;55;72;48;2;17;22;30m│[0m
[0;38;2;96;130;200;48;2;17;22;30m│[0;38;2;205;214;228;48;2;17;22;30m                                                                                                  [0;38;2;96;130;200;48;2;17;22;30m│[0;38;2;45;55;72;48;2;17;22;30m│[0;38;2;205;214;228;48;2;17;22;30m                                      [0;38;2;45;55;72;48;2;17;22;30m│[0m
[0;38;2;96;130;200;48;2;17;22;30m╰──────────────────────────────────────────────────────────────────────────────────────────────────╯[0;38;2;45;55;72;48;2;17;22;30m╰──────────────────────────────────────╯[0m
[0;38;2;13;17;23;48;2;126;231;135;1m INSERT [0;38;2;205;214;228;48;2;22;28;38m   1/1                                                                                                                              [0m
[0;38;2;115;218;202;48;2;13;17;23;1m Esc [0;38;2;108;122;143;48;2;13;17;23mstop editing  [0;38;2;115;218;202;48;2;13;17;23;1m ⏎ [0;38;2;108;122;143;48;2;13;17;23mnew block  [0;38;2;115;218;202;48;2;13;17;23;1m Alt-⏎ [0;38;2;108;122;143;48;2;13;17;23mnewline in this block  [0;38;2;115;218;202;48;2;13;17;23;1m / [0;38;2;108;122;143;48;2;13;17;23mcommands  [0;38;2;115;218;202;48;2;13;17;23;1m [[ [0;38;2;108;122;143;48;2;13;17;23mlink page  [0;38;2;115;218;202;48;2;13;17;23;1m (( [0;38;2;108;122;143;48;2;13;17;23mblock ref  [0;38;2;115;218;202;48;2;13;17;23;1m # [0;38;2;108;122;143;48;2;13;17;23mtag                            [0m
