[0;38;2;13;17;23;48;2;115;218;202;1m blok [0;38;2;205;214;228;48;2;13;17;23m  [0;38;2;122;162;247;48;2;13;17;23;1mJournal[0;38;2;70;80;98;48;2;13;17;23m  ·  [0;38;2;205;214;228;48;2;13;17;23mThursday, October 8, 2026[0;38;2;13;17;23;48;2;126;231;135;1m  TODAY [0;38;2;205;214;228;48;2;13;17;23m                                          [0;38;2;108;122;143;48;2;13;17;23m37 blocks · 12 pages · 11 refs [0;38;2;13;17;23;48;2;230;195;110;1m local [0;38;2;70;80;98;48;2;13;17;23m 09:41 [0m
[0;38;2;45;55;72;48;2;17;22;30m╭[0;38;2;70;80;98;48;2;17;22;30;1m GRAPH  12 [0;38;2;45;55;72;48;2;17;22;30m───────────────╮[0;38;2;96;130;200;48;2;17;22;30m╭[0;38;2;122;162;247;48;2;17;22;30;1m JOURNAL [0;38;2;108;122;143;48;2;17;22;30;1m Thursday, October 8, 2026 [0;38;2;96;130;200;48;2;17;22;30m────────────────────────────────────────╮[0;38;2;45;55;72;48;2;17;22;30m╭[0;38;2;70;80;98;48;2;17;22;30;1m LINKED REFERENCES [0;38;2;122;162;247;48;2;17;22;30;1m 2 [0;38;2;45;55;72;48;2;17;22;30m──────────╮[0m
[0;38;2;45;55;72;48;2;17;22;30m│[0;38;2;70;80;98;48;2;17;22;30;1mTODAY[0;38;2;205;214;228;48;2;17;22;30m                     [0;38;2;45;55;72;48;2;17;22;30m│[0;38;2;96;130;200;48;2;17;22;30m│[0;38;2;205;214;228;48;2;17;22;30;1mThursday, October 8, 2026[0;38;2;205;214;228;48;2;17;22;30m  [0;38;2;13;17;23;48;2;126;231;135;1m today [0;38;2;205;214;228;48;2;17;22;30m  [0;38;2;108;122;143;48;2;17;22;30m12 blocks[0;38;2;205;214;228;48;2;17;22;30m                               [0;38;2;96;130;200;48;2;17;22;30m│[0;38;2;45;55;72;48;2;17;22;30m│[0;38;2;70;80;98;48;2;17;22;30;1mProject Aurora [0;38;2;70;80;98;48;2;17;22;30m(1)[0;38;2;205;214;228;48;2;17;22;30m              [0;38;2;45;55;72;48;2;17;22;30m│[0m
[0;38;2;45;55;72;48;2;17;22;30m│[0;38;2;126;231;135;48;2;17;22;30m● [0;38;2;205;214;228;48;2;17;22;30mThursday, October 8, …  [0;38;2;45;55;72;48;2;17;22;30m│[0;38;2;96;130;200;48;2;17;22;30m│[0;38;2;70;80;98;48;2;17;22;30m────────────────────────────────────────────────────────────────────────────[0;38;2;96;130;200;48;2;17;22;30m│[0;38;2;45;55;72;48;2;17;22;30m│[0;38;2;70;80;98;48;2;17;22;30m· [0;38;2;205;214;228;48;2;17;22;30mStorage argument lives in (…  [0;38;2;45;55;72;48;2;17;22;30m│[0m
[0;38;2;45;55;72;48;2;17;22;30m│[0;38;2;205;214;228;48;2;17;22;30m                          [0;38;2;45;55;72;48;2;17;22;30m│[0;38;2;96;130;200;48;2;17;22;30m│[0;38;2;205;214;228;48;2;17;22;30m [0;38;2;108;122;143;48;2;17;22;30m▾ [0;38;2;205;214;228;48;2;17;22;30mDeep work 09:00–12:30 on the block store                                 [0;38;2;96;130;200;48;2;17;22;30m│[0;38;2;45;55;72;48;2;17;22;30m│[0;38;2;205;214;228;48;2;17;22;30m                                [0;38;2;45;55;72;48;2;17;22;30m│[0m
[0;38;2;45;55;72;48;2;17;22;30m│[0;38;2;70;80;98;48;2;17;22;30;1mJOURNALS[0;38;2;205;214;228;48;2;17;22;30m                  [0;38;2;45;55;72;48;2;17;22;30m│[0;38;2;96;130;200;48;2;17;22;30m│[0;38;2;205;214;228;48;2;17;22;30m [0;38;2;70;80;98;48;2;17;22;30m│ • [0;38;2;205;214;228;48;2;17;22;30mReplaced the integer [0;38;2;255;158;100;48;2;22;28;38m position [0;38;2;205;214;228;48;2;17;22;30m with a fractional index                [0;38;2;96;130;200;48;2;17;22;30m│[0;38;2;45;55;72;48;2;17;22;30m│[0;38;2;70;80;98;48;2;17;22;30;1mYesterday [0;38;2;70;80;98;48;2;17;22;30m(1)[0;38;2;205;214;228;48;2;17;22;30m                   [0;38;2;45;55;72;48;2;17;22;30m│[0m
[0;38;2;45;55;72;48;2;17;22;30m│[0;38;2;70;80;98;48;2;17;22;30m  [0;38;2;108;122;143;48;2;17;22;30mYesterday    [0;38;2;70;80;98;48;2;17;22;30m Wed 07 · 2[0;38;2;45;55;72;48;2;17;22;30m│[0;38;2;96;130;200;48;2;17;22;30m│[0;38;2;205;214;228;48;2;17;22;30m [0;38;2;70;80;98;48;2;17;22;30m│ • [0;38;2;205;214;228;48;2;17;22;30mReordering 4k siblings was O(n) writes → now it is one row             [0;38;2;96;130;200;48;2;17;22;30m│[0;38;2;45;55;72;48;2;17;22;30m│[0;38;2;70;80;98;48;2;17;22;30m· [0;38;2;205;214;228;48;2;17;22;30mTouches ((blk-00000016)) — …  [0;38;2;45;55;72;48;2;17;22;30m│[0m
[0;38;2;45;55;72;48;2;17;22;30m│[0;38;2;70;80;98;48;2;17;22;30m  [0;38;2;108;122;143;48;2;17;22;30m2d ago       [0;38;2;70;80;98;48;2;17;22;30m Tue 06 · 1[0;38;2;45;55;72;48;2;17;22;30m│[0;38;2;96;130;200;48;2;17;22;30m│[0;38;2;205;214;228;48;2;17;22;30m [0;38;2;108;122;143;48;2;17;22;30m▾ [0;38;2;205;214;228;48;2;17;22;30mStandup — [0;38;2;70;80;98;48;2;17;22;30m[[[0;38;2;122;162;247;48;2;17;22;30;1mProject Aurora[0;38;2;70;80;98;48;2;17;22;30m]] ↗1[0;38;2;205;214;228;48;2;17;22;30m                                          [0;38;2;96;130;200;48;2;17;22;30m│[0;38;2;45;55;72;48;2;17;22;30m│[0;38;2;205;214;228;48;2;17;22;30m                                [0;38;2;45;55;72;48;2;17;22;30m│[0m
[0;38;2;45;55;72;48;2;17;22;30m│[0;38;2;70;80;98;48;2;17;22;30m  [0;38;2;108;122;143;48;2;17;22;30m3d ago       [0;38;2;70;80;98;48;2;17;22;30m Mon 05 · 2[0;38;2;45;55;72;48;2;17;22;30m│[0;38;2;96;130;200;48;2;17;22;30m│[0;38;2;205;214;228;48;2;17;22;30m [0;38;2;70;80;98;48;2;17;22;30m│ • [0;38;2;205;214;228;48;2;17;22;30mExport format settled: the SQLite file *is* the format                 [0;38;2;96;130;200;48;2;17;22;30m│[0;38;2;45;55;72;48;2;17;22;30m│[0;38;2;70;80;98;48;2;17;22;30m────────────────────────────────[0;38;2;45;55;72;48;2;17;22;30m│[0m
[0;38;2;45;55;72;48;2;17;22;30m│[0;38;2;205;214;228;48;2;17;22;30m                          [0;38;2;45;55;72;48;2;17;22;30m│[0;38;2;96;130;200;48;2;17;22;30m│[0;38;2;255;213;128;48;2;35;46;66m▌[0;38;2;70;80;98;48;2;35;46;66m│ [0;38;2;255;213;128;48;2;35;46;66m▾ [0;38;2;205;214;228;48;2;35;46;66m/d[0;38;2;255;213;128;48;2;35;46;66;1m▏[0;38;2;205;214;228;48;2;17;22;30m                                                                    [0;38;2;96;130;200;48;2;17;22;30m│[0;38;2;45;55;72;48;2;17;22;30m│[0;38;2;70;80;98;48;2;17;22;30;1mUNLINKED [0;38;2;70;80;98;48;2;17;22;30m(mentions of this title[0;38;2;45;55;72;48;2;17;22;30m│[0m
[0;38;2;45;55;72;48;2;17;22;30m│[0;38;2;70;80;98;48;2;17;22;30;1mPAGES[0;38;2;205;214;228;48;2;17;22;30m                     [0;38;2;45;55;72;48;2;17;22;30m│[0;38;2;96;130;200;48;2;17;22;30m│[0;38;2;205;214;228;48;2;17;22;30m [0;38;2;70;80;98;48;2;17;22;30m│ │ • [0;38;2;122;162;247;48;2;22;28;38m╭[0;38;2;122;162;247;48;2;17;22;30;1m Block commands · /d [0;38;2;122;162;247;48;2;22;28;38m───────────────────────────────╮[0;38;2;205;214;228;48;2;17;22;30m               [0;38;2;96;130;200;48;2;17;22;30m│[0;38;2;45;55;72;48;2;17;22;30m│[0;38;2;70;80;98;48;2;17;22;30m· none[0;38;2;205;214;228;48;2;17;22;30m                          [0;38;2;45;55;72;48;2;17;22;30m│[0m
[0;38;2;45;55;72;48;2;17;22;30m│[0;38;2;70;80;98;48;2;17;22;30m  [0;38;2;108;122;143;48;2;17;22;30mProject Aurora [0;38;2;70;80;98;48;2;17;22;30m 2↗ · 11b[0;38;2;45;55;72;48;2;17;22;30m│[0;38;2;96;130;200;48;2;17;22;30m│[0;38;2;205;214;228;48;2;17;22;30m       [0;38;2;122;162;247;48;2;22;28;38m│[0;38;2;205;214;228;48;2;35;46;66m▸ DOING                         [0;38;2;13;17;23;48;2;230;195;110;1m command [0;38;2;70;80;98;48;2;35;46;66m in prog…[0;38;2;205;214;228;48;2;22;28;38m  [0;38;2;122;162;247;48;2;22;28;38m│[0;38;2;205;214;228;48;2;17;22;30m               [0;38;2;96;130;200;48;2;17;22;30m│[0;38;2;45;55;72;48;2;17;22;30m│[0;38;2;205;214;228;48;2;17;22;30m                                [0;38;2;45;55;72;48;2;17;22;30m│[0m
[0;38;2;45;55;72;48;2;17;22;30m│[0;38;2;70;80;98;48;2;17;22;30m  [0;38;2;108;122;143;48;2;17;22;30mblok TUI        [0;38;2;70;80;98;48;2;17;22;30m 2↗ · 5b[0;38;2;45;55;72;48;2;17;22;30m│[0;38;2;96;130;200;48;2;17;22;30m│[0;38;2;205;214;228;48;2;17;22;30m [0;38;2;70;80;98;48;2;17;22;30m│ • [0;38;2;13;17;23;48;2;122;162;247;1mDO[0;38;2;122;162;247;48;2;22;28;38m│[0;38;2;108;122;143;48;2;22;28;38m  DONE                          [0;38;2;13;17;23;48;2;230;195;110;1m command [0;38;2;70;80;98;48;2;22;28;38m finished[0;38;2;205;214;228;48;2;22;28;38m  [0;38;2;122;162;247;48;2;22;28;38m│[0;38;2;205;214;228;48;2;17;22;30m               [0;38;2;96;130;200;48;2;17;22;30m│[0;38;2;45;55;72;48;2;17;22;30m│[0;38;2;205;214;228;48;2;17;22;30m                                [0;38;2;45;55;72;48;2;17;22;30m│[0m
[0;38;2;45;55;72;48;2;17;22;30m│[0;38;2;70;80;98;48;2;17;22;30m  [0;38;2;108;122;143;48;2;17;22;30msync            [0;38;2;70;80;98;48;2;17;22;30m 2↗ · 0b[0;38;2;45;55;72;48;2;17;22;30m│[0;38;2;96;130;200;48;2;17;22;30m│[0;38;2;205;214;228;48;2;17;22;30m [0;38;2;108;122;143;48;2;17;22;30m▾ [0;38;2;205;214;228;48;2;17;22;30mIdea[0;38;2;122;162;247;48;2;22;28;38m│[0;38;2;108;122;143;48;2;22;28;38m  Draw                          [0;38;2;13;17;23;48;2;230;195;110;1m command [0;38;2;70;80;98;48;2;22;28;38m open th…[0;38;2;205;214;228;48;2;22;28;38m  [0;38;2;122;162;247;48;2;22;28;38m│[0;38;2;205;214;228;48;2;17;22;30m               [0;38;2;96;130;200;48;2;17;22;30m│[0;38;2;45;55;72;48;2;17;22;30m│[0;38;2;205;214;228;48;2;17;22;30m                                [0;38;2;45;55;72;48;2;17;22;30m│[0m
[0;38;2;45;55;72;48;2;17;22;30m│[0;38;2;70;80;98;48;2;17;22;30m  [0;38;2;108;122;143;48;2;17;22;30mSQLite          [0;38;2;70;80;98;48;2;17;22;30m 1↗ · 1b[0;38;2;45;55;72;48;2;17;22;30m│[0;38;2;96;130;200;48;2;17;22;30m│[0;38;2;205;214;228;48;2;17;22;30m [0;38;2;70;80;98;48;2;17;22;30m│ • [0;38;2;205;214;228;48;2;17;22;30mAn[0;38;2;122;162;247;48;2;22;28;38m│[0;38;2;108;122;143;48;2;22;28;38m  Deadline                      [0;38;2;13;17;23;48;2;230;195;110;1m command [0;38;2;70;80;98;48;2;22;28;38m add a D…[0;38;2;205;214;228;48;2;22;28;38m  [0;38;2;122;162;247;48;2;22;28;38m│[0;38;2;205;214;228;48;2;17;22;30mt in the DB    [0;38;2;96;130;200;48;2;17;22;30m│[0;38;2;45;55;72;48;2;17;22;30m│[0;38;2;205;214;228;48;2;17;22;30m                                [0;38;2;45;55;72;48;2;17;22;30m│[0m
[0;38;2;45;55;72;48;2;17;22;30m│[0;38;2;70;80;98;48;2;17;22;30m  [0;38;2;108;122;143;48;2;17;22;30mTerminal UX     [0;38;2;70;80;98;48;2;17;22;30m 1↗ · 1b[0;38;2;45;55;72;48;2;17;22;30m│[0;38;2;96;130;200;48;2;17;22;30m│[0;38;2;205;214;228;48;2;17;22;30m [0;38;2;70;80;98;48;2;17;22;30m• [0;38;2;205;214;228;48;2;17;22;30mRead[0;38;2;122;162;247;48;2;22;28;38m│[0;38;2;108;122;143;48;2;22;28;38m  TODO                          [0;38;2;13;17;23;48;2;230;195;110;1m command [0;38;2;70;80;98;48;2;22;28;38m mark th…[0;38;2;205;214;228;48;2;22;28;38m  [0;38;2;122;162;247;48;2;22;28;38m│[0;38;2;205;214;228;48;2;17;22;30m               [0;38;2;96;130;200;48;2;17;22;30m│[0;38;2;45;55;72;48;2;17;22;30m│[0;38;2;205;214;228;48;2;17;22;30m                                [0;38;2;45;55;72;48;2;17;22;30m│[0m
[0;38;2;45;55;72;48;2;17;22;30m│[0;38;2;70;80;98;48;2;17;22;30m  [0;38;2;108;122;143;48;2;17;22;30mblok            [0;38;2;70;80;98;48;2;17;22;30m 1↗ · 0b[0;38;2;45;55;72;48;2;17;22;30m│[0;38;2;96;130;200;48;2;17;22;30m│[0;38;2;205;214;228;48;2;17;22;30m [0;38;2;70;80;98;48;2;17;22;30m• [0;38;2;205;214;228;48;2;17;22;30mStor[0;38;2;122;162;247;48;2;22;28;38m│[0;38;2;108;122;143;48;2;22;28;38m  Code                          [0;38;2;13;17;23;48;2;230;195;110;1m command [0;38;2;70;80;98;48;2;22;28;38m fenced …[0;38;2;205;214;228;48;2;22;28;38m  [0;38;2;122;162;247;48;2;22;28;38m│[0;38;2;205;214;228;48;2;17;22;30m               [0;38;2;96;130;200;48;2;17;22;30m│[0;38;2;45;55;72;48;2;17;22;30m│[0;38;2;205;214;228;48;2;17;22;30m                                [0;38;2;45;55;72;48;2;17;22;30m│[0m
[0;38;2;45;55;72;48;2;17;22;30m│[0;38;2;70;80;98;48;2;17;22;30m  [0;38;2;108;122;143;48;2;17;22;30mReading list         [0;38;2;70;80;98;48;2;17;22;30m 1b[0;38;2;45;55;72;48;2;17;22;30m│[0;38;2;96;130;200;48;2;17;22;30m│[0;38;2;205;214;228;48;2;17;22;30m       [0;38;2;122;162;247;48;2;22;28;38m│[0;38;2;108;122;143;48;2;22;28;38m  Cards                         [0;38;2;13;17;23;48;2;230;195;110;1m command [0;38;2;70;80;98;48;2;22;28;38m make th…[0;38;2;205;214;228;48;2;22;28;38m  [0;38;2;122;162;247;48;2;22;28;38m│[0;38;2;205;214;228;48;2;17;22;30m               [0;38;2;96;130;200;48;2;17;22;30m│[0;38;2;45;55;72;48;2;17;22;30m│[0;38;2;205;214;228;48;2;17;22;30m                                [0;38;2;45;55;72;48;2;17;22;30m│[0m
[0;38;2;45;55;72;48;2;17;22;30m│[0;38;2;70;80;98;48;2;17;22;30m  [0;38;2;108;122;143;48;2;17;22;30mWeekly review        [0;38;2;70;80;98;48;2;17;22;30m 1b[0;38;2;45;55;72;48;2;17;22;30m│[0;38;2;96;130;200;48;2;17;22;30m│[0;38;2;205;214;228;48;2;17;22;30m  [0;38;2;70;80;98;48;2;17;22;30m• typ[0;38;2;122;162;247;48;2;22;28;38m│[0;38;2;108;122;143;48;2;22;28;38m  Scheduled                     [0;38;2;13;17;23;48;2;230;195;110;1m command [0;38;2;70;80;98;48;2;22;28;38m add a S…[0;38;2;205;214;228;48;2;22;28;38m  [0;38;2;122;162;247;48;2;22;28;38m│[0;38;2;205;214;228;48;2;17;22;30m               [0;38;2;96;130;200;48;2;17;22;30m│[0;38;2;45;55;72;48;2;17;22;30m│[0;38;2;205;214;228;48;2;17;22;30m                                [0;38;2;45;55;72;48;2;17;22;30m│[0m
[0;38;2;45;55;72;48;2;17;22;30m│[0;38;2;205;214;228;48;2;17;22;30m                          [0;38;2;45;55;72;48;2;17;22;30m│[0;38;2;96;130;200;48;2;17;22;30m│[0;38;2;205;214;228;48;2;17;22;30m       [0;38;2;122;162;247;48;2;22;28;38m│[0;38;2;115;218;202;48;2;13;17;23;1m ↑↓ [0;38;2;108;122;143;48;2;22;28;38mchoose  [0;38;2;115;218;202;48;2;13;17;23;1mTab [0;38;2;108;122;143;48;2;22;28;38mcomplete  [0;38;2;115;218;202;48;2;13;17;23;1mEsc [0;38;2;108;122;143;48;2;22;28;38mcancel[0;38;2;205;214;228;48;2;22;28;38m                [0;38;2;122;162;247;48;2;22;28;38m│[0;38;2;205;214;228;48;2;17;22;30m               [0;38;2;96;130;200;48;2;17;22;30m│[0;38;2;45;55;72;48;2;17;22;30m│[0;38;2;205;214;228;48;2;17;22;30m                                [0;38;2;45;55;72;48;2;17;22;30m│[0m
[0;38;2;45;55;72;48;2;17;22;30m│[0;38;2;205;214;228;48;2;17;22;30m                          [0;38;2;45;55;72;48;2;17;22;30m│[0;38;2;96;130;200;48;2;17;22;30m│[0;38;2;205;214;228;48;2;17;22;30m       [0;38;2;122;162;247;48;2;22;28;38m╰────────────────────────────────────────────────────╯[0;38;2;205;214;228;48;2;17;22;30m               [0;38;2;96;130;200;48;2;17;22;30m│[0;38;2;45;55;72;48;2;17;22;30m│[0;38;2;205;214;228;48;2;17;22;30m                                [0;38;2;45;55;72;48;2;17;22;30m│[0m
[0;38;2;45;55;72;48;2;17;22;30m│[0;38;2;205;214;228;48;2;17;22;30m                          [0;38;2;45;55;72;48;2;17;22;30m│[0;38;2;96;130;200;48;2;17;22;30m│[0;38;2;205;214;228;48;2;17;22;30m                                                                            [0;38;2;96;130;200;48;2;17;22;30m│[0;38;2;45;55;72;48;2;17;22;30m│[0;38;2;205;214;228;48;2;17;22;30m                                [0;38;2;45;55;72;48;2;17;22;30m│[0m
[0;38;2;45;55;72;48;2;17;22;30m│[0;38;2;205;214;228;48;2;17;22;30m                          [0;38;2;45;55;72;48;2;17;22;30m│[0;38;2;96;130;200;48;2;17;22;30m│[0;38;2;205;214;228;48;2;17;22;30m                                                                            [0;38;2;96;130;200;48;2;17;22;30m│[0;38;2;45;55;72;48;2;17;22;30m│[0;38;2;205;214;228;48;2;17;22;30m                                [0;38;2;45;55;72;48;2;17;22;30m│[0m
[0;38;2;45;55;72;48;2;17;22;30m│[0;38;2;205;214;228;48;2;17;22;30m                          [0;38;2;45;55;72;48;2;17;22;30m│[0;38;2;96;130;200;48;2;17;22;30m│[0;38;2;205;214;228;48;2;17;22;30m                                                                            [0;38;2;96;130;200;48;2;17;22;30m│[0;38;2;45;55;72;48;2;17;22;30m│[0;38;2;205;214;228;48;2;17;22;30m                                [0;38;2;45;55;72;48;2;17;22;30m│[0m
[0;38;2;45;55;72;48;2;17;22;30m│[0;38;2;205;214;228;48;2;17;22;30m                          [0;38;2;45;55;72;48;2;17;22;30m│[0;38;2;96;130;200;48;2;17;22;30m│[0;38;2;205;214;228;48;2;17;22;30m                                                                            [0;38;2;96;130;200;48;2;17;22;30m│[0;38;2;45;55;72;48;2;17;22;30m│[0;38;2;205;214;228;48;2;17;22;30m                                [0;38;2;45;55;72;48;2;17;22;30m│[0m
[0;38;2;45;55;72;48;2;17;22;30m│[0;38;2;205;214;228;48;2;17;22;30m                          [0;38;2;45;55;72;48;2;17;22;30m│[0;38;2;96;130;200;48;2;17;22;30m│[0;38;2;205;214;228;48;2;17;22;30m                                                                            [0;38;2;96;130;200;48;2;17;22;30m│[0;38;2;45;55;72;48;2;17;22;30m│[0;38;2;205;214;228;48;2;17;22;30m                                [0;38;2;45;55;72;48;2;17;22;30m│[0m
[0;38;2;45;55;72;48;2;17;22;30m│[0;38;2;205;214;228;48;2;17;22;30m                          [0;38;2;45;55;72;48;2;17;22;30m│[0;38;2;96;130;200;48;2;17;22;30m│[0;38;2;205;214;228;48;2;17;22;30m                                                                            [0;38;2;96;130;200;48;2;17;22;30m│[0;38;2;45;55;72;48;2;17;22;30m│[0;38;2;205;214;228;48;2;17;22;30m                                [0;38;2;45;55;72;48;2;17;22;30m│[0m
[0;38;2;45;55;72;48;2;17;22;30m│[0;38;2;205;214;228;48;2;17;22;30m                          [0;38;2;45;55;72;48;2;17;22;30m│[0;38;2;96;130;200;48;2;17;22;30m│[0;38;2;205;214;228;48;2;17;22;30m                                                                            [0;38;2;96;130;200;48;2;17;22;30m│[0;38;2;45;55;72;48;2;17;22;30m│[0;38;2;205;214;228;48;2;17;22;30m                                [0;38;2;45;55;72;48;2;17;22;30m│[0m
[0;38;2;45;55;72;48;2;17;22;30m│[0;38;2;205;214;228;48;2;17;22;30m                          [0;38;2;45;55;72;48;2;17;22;30m│[0;38;2;96;130;200;48;2;17;22;30m│[0;38;2;205;214;228;48;2;17;22;30m                                                                            [0;38;2;96;130;200;48;2;17;22;30m│[0;38;2;45;55;72;48;2;17;22;30m│[0;38;2;205;214;228;48;2;17;22;30m                                [0;38;2;45;55;72;48;2;17;22;30m│[0m
[0;38;2;45;55;72;48;2;17;22;30m│[0;38;2;205;214;228;48;2;17;22;30m                          [0;38;2;45;55;72;48;2;17;22;30m│[0;38;2;96;130;200;48;2;17;22;30m│[0;38;2;205;214;228;48;2;17;22;30m                                                                            [0;38;2;96;130;200;48;2;17;22;30m│[0;38;2;45;55;72;48;2;17;22;30m│[0;38;2;205;214;228;48;2;17;22;30m                                [0;38;2;45;55;72;48;2;17;22;30m│[0m
[0;38;2;45;55;72;48;2;17;22;30m│[0;38;2;205;214;228;48;2;17;22;30m                          [0;38;2;45;55;72;48;2;17;22;30m│[0;38;2;96;130;200;48;2;17;22;30m│[0;38;2;205;214;228;48;2;17;22;30m                                                                            [0;38;2;96;130;200;48;2;17;22;30m│[0;38;2;45;55;72;48;2;17;22;30m│[0;38;2;205;214;228;48;2;17;22;30m                                [0;38;2;45;55;72;48;2;17;22;30m│[0m
[0;38;2;45;55;72;48;2;17;22;30m│[0;38;2;205;214;228;48;2;17;22;30m                          [0;38;2;45;55;72;48;2;17;22;30m│[0;38;2;96;130;200;48;2;17;22;30m│[0;38;2;205;214;228;48;2;17;22;30m                                                                            [0;38;2;96;130;200;48;2;17;22;30m│[0;38;2;45;55;72;48;2;17;22;30m│[0;38;2;205;214;228;48;2;17;22;30m                                [0;38;2;45;55;72;48;2;17;22;30m│[0m
[0;38;2;45;55;72;48;2;17;22;30m│[0;38;2;205;214;228;48;2;17;22;30m                          [0;38;2;45;55;72;48;2;17;22;30m│[0;38;2;96;130;200;48;2;17;22;30m│[0;38;2;205;214;228;48;2;17;22;30m                                                                            [0;38;2;96;130;200;48;2;17;22;30m│[0;38;2;45;55;72;48;2;17;22;30m│[0;38;2;205;214;228;48;2;17;22;30m                                [0;38;2;45;55;72;48;2;17;22;30m│[0m
[0;38;2;45;55;72;48;2;17;22;30m│[0;38;2;205;214;228;48;2;17;22;30m                          [0;38;2;45;55;72;48;2;17;22;30m│[0;38;2;96;130;200;48;2;17;22;30m│[0;38;2;205;214;228;48;2;17;22;30m                                                                            [0;38;2;96;130;200;48;2;17;22;30m│[0;38;2;45;55;72;48;2;17;22;30m│[0;38;2;205;214;228;48;2;17;22;30m                                [0;38;2;45;55;72;48;2;17;22;30m│[0m
[0;38;2;45;55;72;48;2;17;22;30m│[0;38;2;205;214;228;48;2;17;22;30m                          [0;38;2;45;55;72;48;2;17;22;30m│[0;38;2;96;130;200;48;2;17;22;30m│[0;38;2;205;214;228;48;2;17;22;30m                                                                            [0;38;2;96;130;200;48;2;17;22;30m│[0;38;2;45;55;72;48;2;17;22;30m│[0;38;2;205;214;228;48;2;17;22;30m                                [0;38;2;45;55;72;48;2;17;22;30m│[0m
[0;38;2;45;55;72;48;2;17;22;30m│[0;38;2;205;214;228;48;2;17;22;30m                          [0;38;2;45;55;72;48;2;17;22;30m│[0;38;2;96;130;200;48;2;17;22;30m│[0;38;2;205;214;228;48;2;17;22;30m                                                                            [0;38;2;96;130;200;48;2;17;22;30m│[0;38;2;45;55;72;48;2;17;22;30m│[0;38;2;205;214;228;48;2;17;22;30m                                [0;38;2;45;55;72;48;2;17;22;30m│[0m
[0;38;2;45;55;72;48;2;17;22;30m│[0;38;2;205;214;228;48;2;17;22;30m                          [0;38;2;45;55;72;48;2;17;22;30m│[0;38;2;96;130;200;48;2;17;22;30m│[0;38;2;205;214;228;48;2;17;22;30m                                                                            [0;38;2;96;130;200;48;2;17;22;30m│[0;38;2;45;55;72;48;2;17;22;30m│[0;38;2;205;214;228;48;2;17;22;30m                                [0;38;2;45;55;72;48;2;17;22;30m│[0m
[0;38;2;45;55;72;48;2;17;22;30m│[0;38;2;70;80;98;48;2;17;22;30m──────────────────────────[0;38;2;45;55;72;48;2;17;22;30m│[0;38;2;96;130;200;48;2;17;22;30m│[0;38;2;205;214;228;48;2;17;22;30m                                                                            [0;38;2;96;130;200;48;2;17;22;30m│[0;38;2;45;55;72;48;2;17;22;30m│[0;38;2;205;214;228;48;2;17;22;30m                                [0;38;2;45;55;72;48;2;17;22;30m│[0m
[0;38;2;45;55;72;48;2;17;22;30m│[0;38;2;70;80;98;48;2;17;22;30mgraph  [0;38;2;108;122;143;48;2;17;22;30m4 journals · 12 pag[0;38;2;45;55;72;48;2;17;22;30m│[0;38;2;96;130;200;48;2;17;22;30m│[0;38;2;205;214;228;48;2;17;22;30m                                                                            [0;38;2;96;130;200;48;2;17;22;30m│[0;38;2;45;55;72;48;2;17;22;30m│[0;38;2;205;214;228;48;2;17;22;30m                                [0;38;2;45;55;72;48;2;17;22;30m│[0m
[0;38;2;45;55;72;48;2;17;22;30m╰──────────────────────────╯[0;38;2;96;130;200;48;2;17;22;30m╰────────────────────────────────────────────────────────────────────────────╯[0;38;2;45;55;72;48;2;17;22;30m╰────────────────────────────────╯[0m
[0;38;2;13;17;23;48;2;126;231;135;1m INSERT [0;38;2;205;214;228;48;2;22;28;38m [0;38;2;247;118;142;48;2;22;28;38;1m● editing  [0;38;2;205;214;228;48;2;22;28;38mblocks[0;38;2;70;80;98;48;2;22;28;38m  ·  [0;38;2;108;122;143;48;2;22;28;38m2026-10-08  12 blocks[0;38;2;70;80;98;48;2;22;28;38m  ·  block #26[0;38;2;205;214;228;48;2;22;28;38m                                                   [0;38;2;13;17;23;48;2;70;80;98;1m no snapshot yet — :w [0;38;2;205;214;228;48;2;22;28;38m [0m
[0;38;2;115;218;202;48;2;13;17;23;1m Esc [0;38;2;108;122;143;48;2;13;17;23mstop editing  [0;38;2;115;218;202;48;2;13;17;23;1m ⏎ [0;38;2;108;122;143;48;2;13;17;23mnew block  [0;38;2;115;218;202;48;2;13;17;23;1m Alt-⏎ [0;38;2;108;122;143;48;2;13;17;23mnewline in this block  [0;38;2;115;218;202;48;2;13;17;23;1m / [0;38;2;108;122;143;48;2;13;17;23mcommands  [0;38;2;115;218;202;48;2;13;17;23;1m [[ [0;38;2;108;122;143;48;2;13;17;23mlink page  [0;38;2;115;218;202;48;2;13;17;23;1m (( [0;38;2;108;122;143;48;2;13;17;23mblock ref  [0;38;2;115;218;202;48;2;13;17;23;1m # [0;38;2;108;122;143;48;2;13;17;23mtag                            [0m
