[0;38;2;13;17;23;48;2;115;218;202;1m blok [0;38;2;205;214;228;48;2;13;17;23m  [0;38;2;122;162;247;48;2;13;17;23;1mJournal[0;38;2;70;80;98;48;2;13;17;23m  ·  [0;38;2;205;214;228;48;2;13;17;23mThursday, October 8, 2026[0;38;2;13;17;23;48;2;126;231;135;1m  TODAY [0;38;2;205;214;228;48;2;13;17;23m                                          [0;38;2;108;122;143;48;2;13;17;23m37 blocks · 12 pages · 11 refs [0;38;2;13;17;23;48;2;230;195;110;1m local [0;38;2;70;80;98;48;2;13;17;23m 09:41 [0m
[0;38;2;45;55;72;48;2;17;22;30m╭[0;38;2;70;80;98;48;2;17;22;30;1m GRAPH  12 [0;38;2;45;55;72;48;2;17;22;30m───────────────╮[0;38;2;96;130;200;48;2;17;22;30m╭[0;38;2;122;162;247;48;2;17;22;30;1m JOURNAL [0;38;2;108;122;143;48;2;17;22;30;1m Thursday, October 8, 2026 [0;38;2;96;130;200;48;2;17;22;30m────────────────────────────────────────╮[0;38;2;45;55;72;48;2;17;22;30m╭[0;38;2;70;80;98;48;2;17;22;30;1m LINKED REFERENCES [0;38;2;122;162;247;48;2;17;22;30;1m 2 [0;38;2;45;55;72;48;2;17;22;30m──────────╮[0m
[0;38;2;45;55;72;48;2;17;22;30m│[0;38;2;70;80;98;48;2;17;22;30;1mTODAY[0;38;2;205;214;228;48;2;17;22;30m                     [0;38;2;45;55;72;48;2;17;22;30m│[0;38;2;96;130;200;48;2;17;22;30m│[0;38;2;205;214;228;48;2;17;22;30;1mThursday, October 8, 2026[0;38;2;205;214;228;48;2;17;22;30m  [0;38;2;13;17;23;48;2;126;231;135;1m today [0;38;2;205;214;228;48;2;17;22;30m  [0;38;2;108;122;143;48;2;17;22;30m12 blocks[0;38;2;205;214;228;48;2;17;22;30m                               [0;38;2;96;130;200;48;2;17;22;30m│[0;38;2;45;55;72;48;2;17;22;30m│[0;38;2;70;80;98;48;2;17;22;30;1mProject Aurora [0;38;2;70;80;98;48;2;17;22;30m(1)[0;38;2;205;214;228;48;2;17;22;30m              [0;38;2;45;55;72;48;2;17;22;30m│[0m
[0;38;2;45;55;72;48;2;17;22;30m│[0;38;2;126;231;135;48;2;17;22;30m● [0;38;2;205;214;228;48;2;17;22;30mThursday, October 8, …  [0;38;2;45;55;72;48;2;17;22;30m│[0;38;2;96;130;200;48;2;17;22;30m│[0;38;2;70;80;98;48;2;17;22;30m────────────────────────────────────────────────────────────────────────────[0;38;2;96;130;200;48;2;17;22;30m│[0;38;2;45;55;72;48;2;17;22;30m│[0;38;2;70;80;98;48;2;17;22;30m· [0;38;2;205;214;228;48;2;17;22;30mStorage argument lives in (…  [0;38;2;45;55;72;48;2;17;22;30m│[0m
[0;38;2;45;55;72;48;2;17;22;30m│[0;38;2;205;214;228;48;2;17;22;30m                          [0;38;2;45;55;72;48;2;17;22;30m│[0;38;2;96;130;200;48;2;17;22;30m│[0;38;2;205;214;228;48;2;17;22;30m [0;38;2;108;122;143;48;2;17;22;30m▾ [0;38;2;205;214;228;48;2;17;22;30mDeep work 09:00–12:30 on the block store                                 [0;38;2;96;130;200;48;2;17;22;30m│[0;38;2;45;55;72;48;2;17;22;30m│[0;38;2;205;214;228;48;2;17;22;30m                                [0;38;2;45;55;72;48;2;17;22;30m│[0m
[0;38;2;45;55;72;48;2;17;22;30m│[0;38;2;70;80;98;48;2;17;22;30;1mJOURNALS[0;38;2;205;214;228;48;2;17;22;30m                  [0;38;2;45;55;72;48;2;17;22;30m│[0;38;2;96;130;200;48;2;17;22;30m│[0;38;2;205;214;228;48;2;17;22;30m [0;38;2;70;80;98;48;2;17;22;30m│ • [0;38;2;205;214;228;48;2;17;22;30mReplaced the integer [0;38;2;255;158;100;48;2;22;28;38m position [0;38;2;205;214;228;48;2;17;22;30m with a fractional index                [0;38;2;96;130;200;48;2;17;22;30m│[0;38;2;45;55;72;48;2;17;22;30m│[0;38;2;70;80;98;48;2;17;22;30;1mYesterday [0;38;2;70;80;98;48;2;17;22;30m(1)[0;38;2;205;214;228;48;2;17;22;30m                   [0;38;2;45;55;72;48;2;17;22;30m│[0m
[0;38;2;45;55;72;48;2;17;22;30m│[0;38;2;70;80;98;48;2;17;22;30m  [0;38;2;108;122;143;48;2;17;22;30mYesterday    [0;38;2;70;80;98;48;2;17;22;30m Wed 07 · 2[0;38;2;45;55;72;48;2;17;22;30m│[0;38;2;96;130;200;48;2;17;22;30m│[0;38;2;205;214;228;48;2;17;22;30m [0;38;2;70;80;98;48;2;17;22;30m│ • [0;38;2;205;214;228;48;2;17;22;30mReordering 4k siblings was O(n) writes → now it is one row             [0;38;2;96;130;200;48;2;17;22;30m│[0;38;2;45;55;72;48;2;17;22;30m│[0;38;2;70;80;98;48;2;17;22;30m· [0;38;2;205;214;228;48;2;17;22;30mTouches ((blk-00000016)) — …  [0;38;2;45;55;72;48;2;17;22;30m│[0m
[0;38;2;45;55;72;48;2;17;22;30m│[0;38;2;70;80;98;48;2;17;22;30m  [0;38;2;108;122;143;48;2;17;22;30m2d ago       [0;38;2;70;80;98;48;2;17;22;30m Tue 06 · 1[0;38;2;45;55;72;48;2;17;22;30m│[0;38;2;96;130;200;48;2;17;22;30m│[0;38;2;205;214;228;48;2;17;22;30m [0;38;2;108;122;143;48;2;17;22;30m▾ [0;38;2;205;214;228;48;2;17;22;30mStandup — [0;38;2;70;80;98;48;2;17;22;30m[[[0;38;2;122;162;247;48;2;17;22;30;1mProject Aurora[0;38;2;70;80;98;48;2;17;22;30m]] ↗1[0;38;2;205;214;228;48;2;17;22;30m                                          [0;38;2;96;130;200;48;2;17;22;30m│[0;38;2;45;55;72;48;2;17;22;30m│[0;38;2;205;214;228;48;2;17;22;30m                                [0;38;2;45;55;72;48;2;17;22;30m│[0m
[0;38;2;45;55;72;48;2;17;22;30m│[0;38;2;70;80;98;48;2;17;22;30m  [0;38;2;108;122;143;48;2;17;22;30m3d ago       [0;38;2;70;80;98;48;2;17;22;30m Mon 05 · 2[0;38;2;45;55;72;48;2;17;22;30m│[0;38;2;96;130;200;48;2;17;22;30m│[0;38;2;205;214;228;48;2;17;22;30m [0;38;2;70;80;98;48;2;17;22;30m│ • [0;38;2;205;214;228;48;2;17;22;30mExport format settled: the SQLite file *is* the format                 [0;38;2;96;130;200;48;2;17;22;30m│[0;38;2;45;55;72;48;2;17;22;30m│[0;38;2;70;80;98;48;2;17;22;30m────────────────────────────────[0;38;2;45;55;72;48;2;17;22;30m│[0m
[0;38;2;45;55;72;48;2;17;22;30m│[0;38;2;205;214;228;48;2;17;22;30m                          [0;38;2;45;55;72;48;2;17;22;30m│[0;38;2;96;130;200;48;2;17;22;30m│[0;38;2;255;213;128;48;2;35;46;66m▌[0;38;2;70;80;98;48;2;35;46;66m│ [0;38;2;255;213;128;48;2;35;46;66m▾ [0;38;2;205;214;228;48;2;35;46;66mFollow up next week with [[p[0;38;2;255;213;128;48;2;35;46;66;1m▏[0;38;2;205;214;228;48;2;17;22;30m                                          [0;38;2;96;130;200;48;2;17;22;30m│[0;38;2;45;55;72;48;2;17;22;30m│[0;38;2;70;80;98;48;2;17;22;30;1mUNLINKED [0;38;2;70;80;98;48;2;17;22;30m(mentions of this title[0;38;2;45;55;72;48;2;17;22;30m│[0m
[0;38;2;45;55;72;48;2;17;22;30m│[0;38;2;70;80;98;48;2;17;22;30;1mPAGES[0;38;2;205;214;228;48;2;17;22;30m                     [0;38;2;45;55;72;48;2;17;22;30m│[0;38;2;96;130;200;48;2;17;22;30m│[0;38;2;205;214;228;48;2;17;22;30m [0;38;2;70;80;98;48;2;17;22;30m│ │ • [0;38;2;115;218;202;48;2;17;22;30;2mdeadline[0;38;2;70;80;98;48;2;17;22;30m::[0;38;2;205;214;228;48;2;17;22;30m 2026-02-20     [0;38;2;122;162;247;48;2;22;28;38m╭[0;38;2;122;162;247;48;2;17;22;30;1m Link to page · [[p [0;38;2;122;162;247;48;2;22;28;38m────────────────────────────────╮[0;38;2;205;214;228;48;2;17;22;30m                       [0;38;2;45;55;72;48;2;17;22;30m│[0m
[0;38;2;45;55;72;48;2;17;22;30m│[0;38;2;70;80;98;48;2;17;22;30m  [0;38;2;108;122;143;48;2;17;22;30mProject Aurora [0;38;2;70;80;98;48;2;17;22;30m 2↗ · 11b[0;38;2;45;55;72;48;2;17;22;30m│[0;38;2;96;130;200;48;2;17;22;30m│[0;38;2;205;214;228;48;2;17;22;30m       [0;38;2;115;218;202;48;2;17;22;30;2mpriority[0;38;2;70;80;98;48;2;17;22;30m::[0;38;2;205;214;228;48;2;17;22;30m A              [0;38;2;122;162;247;48;2;22;28;38m│[0;38;2;205;214;228;48;2;35;46;66m▸ Project Aurora                [0;38;2;13;17;23;48;2;122;162;247;1m page [0;38;2;70;80;98;48;2;35;46;66m 2 links · …[0;38;2;205;214;228;48;2;22;28;38m  [0;38;2;122;162;247;48;2;22;28;38m│[0;38;2;205;214;228;48;2;17;22;30m                       [0;38;2;45;55;72;48;2;17;22;30m│[0m
[0;38;2;45;55;72;48;2;17;22;30m│[0;38;2;70;80;98;48;2;17;22;30m  [0;38;2;108;122;143;48;2;17;22;30mblok TUI        [0;38;2;70;80;98;48;2;17;22;30m 2↗ · 5b[0;38;2;45;55;72;48;2;17;22;30m│[0;38;2;96;130;200;48;2;17;22;30m│[0;38;2;205;214;228;48;2;17;22;30m [0;38;2;70;80;98;48;2;17;22;30m│ • [0;38;2;13;17;23;48;2;122;162;247;1mDOING[0;38;2;205;214;228;48;2;17;22;30m Write up the sync stor[0;38;2;122;162;247;48;2;22;28;38m│[0;38;2;115;218;202;48;2;13;17;23;1m ↑↓ [0;38;2;108;122;143;48;2;22;28;38mchoose  [0;38;2;115;218;202;48;2;13;17;23;1mTab [0;38;2;108;122;143;48;2;22;28;38mcomplete  [0;38;2;115;218;202;48;2;13;17;23;1mEsc [0;38;2;108;122;143;48;2;22;28;38mcancel[0;38;2;205;214;228;48;2;22;28;38m                [0;38;2;122;162;247;48;2;22;28;38m│[0;38;2;205;214;228;48;2;17;22;30m                       [0;38;2;45;55;72;48;2;17;22;30m│[0m
[0;38;2;45;55;72;48;2;17;22;30m│[0;38;2;70;80;98;48;2;17;22;30m  [0;38;2;108;122;143;48;2;17;22;30msync            [0;38;2;70;80;98;48;2;17;22;30m 2↗ · 0b[0;38;2;45;55;72;48;2;17;22;30m│[0;38;2;96;130;200;48;2;17;22;30m│[0;38;2;205;214;228;48;2;17;22;30m [0;38;2;108;122;143;48;2;17;22;30m▾ [0;38;2;205;214;228;48;2;17;22;30mIdea: journals are rows, not f[0;38;2;122;162;247;48;2;22;28;38m╰────────────────────────────────────────────────────╯[0;38;2;205;214;228;48;2;17;22;30m                       [0;38;2;45;55;72;48;2;17;22;30m│[0m
[0;38;2;45;55;72;48;2;17;22;30m│[0;38;2;70;80;98;48;2;17;22;30m  [0;38;2;108;122;143;48;2;17;22;30mSQLite          [0;38;2;70;80;98;48;2;17;22;30m 1↗ · 1b[0;38;2;45;55;72;48;2;17;22;30m│[0;38;2;96;130;200;48;2;17;22;30m│[0;38;2;205;214;228;48;2;17;22;30m [0;38;2;70;80;98;48;2;17;22;30m│ • [0;38;2;205;214;228;48;2;17;22;30mAn empty day should not exist anywhere — not on disk, not in the DB    [0;38;2;96;130;200;48;2;17;22;30m│[0;38;2;45;55;72;48;2;17;22;30m│[0;38;2;205;214;228;48;2;17;22;30m                                [0;38;2;45;55;72;48;2;17;22;30m│[0m
[0;38;2;45;55;72;48;2;17;22;30m│[0;38;2;70;80;98;48;2;17;22;30m  [0;38;2;108;122;143;48;2;17;22;30mTerminal UX     [0;38;2;70;80;98;48;2;17;22;30m 1↗ · 1b[0;38;2;45;55;72;48;2;17;22;30m│[0;38;2;96;130;200;48;2;17;22;30m│[0;38;2;205;214;228;48;2;17;22;30m [0;38;2;70;80;98;48;2;17;22;30m• [0;38;2;205;214;228;48;2;17;22;30mReading: [0;38;2;255;158;100;48;2;22;28;38m VACUUM INTO [0;38;2;205;214;228;48;2;17;22;30m semantics                                         [0;38;2;96;130;200;48;2;17;22;30m│[0;38;2;45;55;72;48;2;17;22;30m│[0;38;2;205;214;228;48;2;17;22;30m                                [0;38;2;45;55;72;48;2;17;22;30m│[0m
[0;38;2;45;55;72;48;2;17;22;30m│[0;38;2;70;80;98;48;2;17;22;30m  [0;38;2;108;122;143;48;2;17;22;30mblok            [0;38;2;70;80;98;48;2;17;22;30m 1↗ · 0b[0;38;2;45;55;72;48;2;17;22;30m│[0;38;2;96;130;200;48;2;17;22;30m│[0;38;2;205;214;228;48;2;17;22;30m [0;38;2;70;80;98;48;2;17;22;30m• [0;38;2;205;214;228;48;2;17;22;30mStorage trail: [0;38;2;70;80;98;48;2;17;22;30m[[[0;38;2;122;162;247;48;2;17;22;30;1mblok TUI[0;38;2;70;80;98;48;2;17;22;30m]][0;38;2;205;214;228;48;2;17;22;30m · [0;38;2;70;80;98;48;2;17;22;30m[[[0;38;2;122;162;247;48;2;17;22;30;1mSQLite[0;38;2;70;80;98;48;2;17;22;30m]][0;38;2;205;214;228;48;2;17;22;30m · [0;38;2;126;231;135;48;2;17;22;30;2m#[0;38;2;126;231;135;48;2;17;22;30msync[0;38;2;70;80;98;48;2;17;22;30m ↗3[0;38;2;205;214;228;48;2;17;22;30m                      [0;38;2;96;130;200;48;2;17;22;30m│[0;38;2;45;55;72;48;2;17;22;30m│[0;38;2;205;214;228;48;2;17;22;30m                                [0;38;2;45;55;72;48;2;17;22;30m│[0m
[0;38;2;45;55;72;48;2;17;22;30m│[0;38;2;70;80;98;48;2;17;22;30m  [0;38;2;108;122;143;48;2;17;22;30mReading list         [0;38;2;70;80;98;48;2;17;22;30m 1b[0;38;2;45;55;72;48;2;17;22;30m│[0;38;2;96;130;200;48;2;17;22;30m│[0;38;2;205;214;228;48;2;17;22;30m                                                                            [0;38;2;96;130;200;48;2;17;22;30m│[0;38;2;45;55;72;48;2;17;22;30m│[0;38;2;205;214;228;48;2;17;22;30m                                [0;38;2;45;55;72;48;2;17;22;30m│[0m
[0;38;2;45;55;72;48;2;17;22;30m│[0;38;2;70;80;98;48;2;17;22;30m  [0;38;2;108;122;143;48;2;17;22;30mWeekly review        [0;38;2;70;80;98;48;2;17;22;30m 1b[0;38;2;45;55;72;48;2;17;22;30m│[0;38;2;96;130;200;48;2;17;22;30m│[0;38;2;205;214;228;48;2;17;22;30m  [0;38;2;70;80;98;48;2;17;22;30m• type here for the next block — or press o[0;38;2;205;214;228;48;2;17;22;30m                               [0;38;2;96;130;200;48;2;17;22;30m│[0;38;2;45;55;72;48;2;17;22;30m│[0;38;2;205;214;228;48;2;17;22;30m                                [0;38;2;45;55;72;48;2;17;22;30m│[0m
[0;38;2;45;55;72;48;2;17;22;30m│[0;38;2;205;214;228;48;2;17;22;30m                          [0;38;2;45;55;72;48;2;17;22;30m│[0;38;2;96;130;200;48;2;17;22;30m│[0;38;2;205;214;228;48;2;17;22;30m                                                                            [0;38;2;96;130;200;48;2;17;22;30m│[0;38;2;45;55;72;48;2;17;22;30m│[0;38;2;205;214;228;48;2;17;22;30m                                [0;38;2;45;55;72;48;2;17;22;30m│[0m
[0;38;2;45;55;72;48;2;17;22;30m│[0;38;2;205;214;228;48;2;17;22;30m                          [0;38;2;45;55;72;48;2;17;22;30m│[0;38;2;96;130;200;48;2;17;22;30m│[0;38;2;205;214;228;48;2;17;22;30m                                                                            [0;38;2;96;130;200;48;2;17;22;30m│[0;38;2;45;55;72;48;2;17;22;30m│[0;38;2;205;214;228;48;2;17;22;30m                                [0;38;2;45;55;72;48;2;17;22;30m│[0m
[0;38;2;45;55;72;48;2;17;22;30m│[0;38;2;205;214;228;48;2;17;22;30m                          [0;38;2;45;55;72;48;2;17;22;30m│[0;38;2;96;130;200;48;2;17;22;30m│[0;38;2;205;214;228;48;2;17;22;30m                                                                            [0;38;2;96;130;200;48;2;17;22;30m│[0;38;2;45;55;72;48;2;17;22;30m│[0;38;2;205;214;228;48;2;17;22;30m                                [0;38;2;45;55;72;48;2;17;22;30m│[0m
[0;38;2;45;55;72;48;2;17;22;30m│[0;38;2;205;214;228;48;2;17;22;30m                          [0;38;2;45;55;72;48;2;17;22;30m│[0;38;2;96;130;200;48;2;17;22;30m│[0;38;2;205;214;228;48;2;17;22;30m                                                                            [0;38;2;96;130;200;48;2;17;22;30m│[0;38;2;45;55;72;48;2;17;22;30m│[0;38;2;205;214;228;48;2;17;22;30m                                [0;38;2;45;55;72;48;2;17;22;30m│[0m
[0;38;2;45;55;72;48;2;17;22;30m│[0;38;2;205;214;228;48;2;17;22;30m                          [0;38;2;45;55;72;48;2;17;22;30m│[0;38;2;96;130;200;48;2;17;22;30m│[0;38;2;205;214;228;48;2;17;22;30m                                                                            [0;38;2;96;130;200;48;2;17;22;30m│[0;38;2;45;55;72;48;2;17;22;30m│[0;38;2;205;214;228;48;2;17;22;30m                                [0;38;2;45;55;72;48;2;17;22;30m│[0m
[0;38;2;45;55;72;48;2;17;22;30m│[0;38;2;205;214;228;48;2;17;22;30m                          [0;38;2;45;55;72;48;2;17;22;30m│[0;38;2;96;130;200;48;2;17;22;30m│[0;38;2;205;214;228;48;2;17;22;30m                                                                            [0;38;2;96;130;200;48;2;17;22;30m│[0;38;2;45;55;72;48;2;17;22;30m│[0;38;2;205;214;228;48;2;17;22;30m                                [0;38;2;45;55;72;48;2;17;22;30m│[0m
[0;38;2;45;55;72;48;2;17;22;30m│[0;38;2;205;214;228;48;2;17;22;30m                          [0;38;2;45;55;72;48;2;17;22;30m│[0;38;2;96;130;200;48;2;17;22;30m│[0;38;2;205;214;228;48;2;17;22;30m                                                                            [0;38;2;96;130;200;48;2;17;22;30m│[0;38;2;45;55;72;48;2;17;22;30m│[0;38;2;205;214;228;48;2;17;22;30m                                [0;38;2;45;55;72;48;2;17;22;30m│[0m
[0;38;2;45;55;72;48;2;17;22;30m│[0;38;2;205;214;228;48;2;17;22;30m                          [0;38;2;45;55;72;48;2;17;22;30m│[0;38;2;96;130;200;48;2;17;22;30m│[0;38;2;205;214;228;48;2;17;22;30m                                                                            [0;38;2;96;130;200;48;2;17;22;30m│[0;38;2;45;55;72;48;2;17;22;30m│[0;38;2;205;214;228;48;2;17;22;30m                                [0;38;2;45;55;72;48;2;17;22;30m│[0m
[0;38;2;45;55;72;48;2;17;22;30m│[0;38;2;205;214;228;48;2;17;22;30m                          [0;38;2;45;55;72;48;2;17;22;30m│[0;38;2;96;130;200;48;2;17;22;30m│[0;38;2;205;214;228;48;2;17;22;30m                                                                            [0;38;2;96;130;200;48;2;17;22;30m│[0;38;2;45;55;72;48;2;17;22;30m│[0;38;2;205;214;228;48;2;17;22;30m                                [0;38;2;45;55;72;48;2;17;22;30m│[0m
[0;38;2;45;55;72;48;2;17;22;30m│[0;38;2;205;214;228;48;2;17;22;30m                          [0;38;2;45;55;72;48;2;17;22;30m│[0;38;2;96;130;200;48;2;17;22;30m│[0;38;2;205;214;228;48;2;17;22;30m                                                                            [0;38;2;96;130;200;48;2;17;22;30m│[0;38;2;45;55;72;48;2;17;22;30m│[0;38;2;205;214;228;48;2;17;22;30m                                [0;38;2;45;55;72;48;2;17;22;30m│[0m
[0;38;2;45;55;72;48;2;17;22;30m│[0;38;2;205;214;228;48;2;17;22;30m                          [0;38;2;45;55;72;48;2;17;22;30m│[0;38;2;96;130;200;48;2;17;22;30m│[0;38;2;205;214;228;48;2;17;22;30m                                                                            [0;38;2;96;130;200;48;2;17;22;30m│[0;38;2;45;55;72;48;2;17;22;30m│[0;38;2;205;214;228;48;2;17;22;30m                                [0;38;2;45;55;72;48;2;17;22;30m│[0m
[0;38;2;45;55;72;48;2;17;22;30m│[0;38;2;205;214;228;48;2;17;22;30m                          [0;38;2;45;55;72;48;2;17;22;30m│[0;38;2;96;130;200;48;2;17;22;30m│[0;38;2;205;214;228;48;2;17;22;30m                                                                            [0;38;2;96;130;200;48;2;17;22;30m│[0;38;2;45;55;72;48;2;17;22;30m│[0;38;2;205;214;228;48;2;17;22;30m                                [0;38;2;45;55;72;48;2;17;22;30m│[0m
[0;38;2;45;55;72;48;2;17;22;30m│[0;38;2;205;214;228;48;2;17;22;30m                          [0;38;2;45;55;72;48;2;17;22;30m│[0;38;2;96;130;200;48;2;17;22;30m│[0;38;2;205;214;228;48;2;17;22;30m                                                                            [0;38;2;96;130;200;48;2;17;22;30m│[0;38;2;45;55;72;48;2;17;22;30m│[0;38;2;205;214;228;48;2;17;22;30m                                [0;38;2;45;55;72;48;2;17;22;30m│[0m
[0;38;2;45;55;72;48;2;17;22;30m│[0;38;2;205;214;228;48;2;17;22;30m                          [0;38;2;45;55;72;48;2;17;22;30m│[0;38;2;96;130;200;48;2;17;22;30m│[0;38;2;205;214;228;48;2;17;22;30m                                                                            [0;38;2;96;130;200;48;2;17;22;30m│[0;38;2;45;55;72;48;2;17;22;30m│[0;38;2;205;214;228;48;2;17;22;30m                                [0;38;2;45;55;72;48;2;17;22;30m│[0m
[0;38;2;45;55;72;48;2;17;22;30m│[0;38;2;205;214;228;48;2;17;22;30m                          [0;38;2;45;55;72;48;2;17;22;30m│[0;38;2;96;130;200;48;2;17;22;30m│[0;38;2;205;214;228;48;2;17;22;30m                                                                            [0;38;2;96;130;200;48;2;17;22;30m│[0;38;2;45;55;72;48;2;17;22;30m│[0;38;2;205;214;228;48;2;17;22;30m                                [0;38;2;45;55;72;48;2;17;22;30m│[0m
[0;38;2;45;55;72;48;2;17;22;30m│[0;38;2;205;214;228;48;2;17;22;30m                          [0;38;2;45;55;72;48;2;17;22;30m│[0;38;2;96;130;200;48;2;17;22;30m│[0;38;2;205;214;228;48;2;17;22;30m                                                                            [0;38;2;96;130;200;48;2;17;22;30m│[0;38;2;45;55;72;48;2;17;22;30m│[0;38;2;205;214;228;48;2;17;22;30m                                [0;38;2;45;55;72;48;2;17;22;30m│[0m
[0;38;2;45;55;72;48;2;17;22;30m│[0;38;2;205;214;228;48;2;17;22;30m                          [0;38;2;45;55;72;48;2;17;22;30m│[0;38;2;96;130;200;48;2;17;22;30m│[0;38;2;205;214;228;48;2;17;22;30m                                                                            [0;38;2;96;130;200;48;2;17;22;30m│[0;38;2;45;55;72;48;2;17;22;30m│[0;38;2;205;214;228;48;2;17;22;30m                                [0;38;2;45;55;72;48;2;17;22;30m│[0m
[0;38;2;45;55;72;48;2;17;22;30m│[0;38;2;205;214;228;48;2;17;22;30m                          [0;38;2;45;55;72;48;2;17;22;30m│[0;38;2;96;130;200;48;2;17;22;30m│[0;38;2;205;214;228;48;2;17;22;30m                                                                            [0;38;2;96;130;200;48;2;17;22;30m│[0;38;2;45;55;72;48;2;17;22;30m│[0;38;2;205;214;228;48;2;17;22;30m                                [0;38;2;45;55;72;48;2;17;22;30m│[0m
[0;38;2;45;55;72;48;2;17;22;30m│[0;38;2;70;80;98;48;2;17;22;30m──────────────────────────[0;38;2;45;55;72;48;2;17;22;30m│[0;38;2;96;130;200;48;2;17;22;30m│[0;38;2;205;214;228;48;2;17;22;30m                                                                            [0;38;2;96;130;200;48;2;17;22;30m│[0;38;2;45;55;72;48;2;17;22;30m│[0;38;2;205;214;228;48;2;17;22;30m                                [0;38;2;45;55;72;48;2;17;22;30m│[0m
[0;38;2;45;55;72;48;2;17;22;30m│[0;38;2;70;80;98;48;2;17;22;30mgraph  [0;38;2;108;122;143;48;2;17;22;30m4 journals · 12 pag[0;38;2;45;55;72;48;2;17;22;30m│[0;38;2;96;130;200;48;2;17;22;30m│[0;38;2;205;214;228;48;2;17;22;30m                                                                            [0;38;2;96;130;200;48;2;17;22;30m│[0;38;2;45;55;72;48;2;17;22;30m│[0;38;2;205;214;228;48;2;17;22;30m                                [0;38;2;45;55;72;48;2;17;22;30m│[0m
[0;38;2;45;55;72;48;2;17;22;30m╰──────────────────────────╯[0;38;2;96;130;200;48;2;17;22;30m╰────────────────────────────────────────────────────────────────────────────╯[0;38;2;45;55;72;48;2;17;22;30m╰────────────────────────────────╯[0m
[0;38;2;13;17;23;48;2;126;231;135;1m INSERT [0;38;2;205;214;228;48;2;22;28;38m [0;38;2;247;118;142;48;2;22;28;38;1m● editing  [0;38;2;205;214;228;48;2;22;28;38mblocks[0;38;2;70;80;98;48;2;22;28;38m  ·  [0;38;2;108;122;143;48;2;22;28;38m2026-10-08  12 blocks[0;38;2;70;80;98;48;2;22;28;38m  ·  block #26[0;38;2;205;214;228;48;2;22;28;38m                                                   [0;38;2;13;17;23;48;2;70;80;98;1m no snapshot yet — :w [0;38;2;205;214;228;48;2;22;28;38m [0m
[0;38;2;115;218;202;48;2;13;17;23;1m Esc [0;38;2;108;122;143;48;2;13;17;23mstop editing  [0;38;2;115;218;202;48;2;13;17;23;1m ⏎ [0;38;2;108;122;143;48;2;13;17;23mnew block  [0;38;2;115;218;202;48;2;13;17;23;1m Alt-⏎ [0;38;2;108;122;143;48;2;13;17;23mnewline in this block  [0;38;2;115;218;202;48;2;13;17;23;1m / [0;38;2;108;122;143;48;2;13;17;23mcommands  [0;38;2;115;218;202;48;2;13;17;23;1m [[ [0;38;2;108;122;143;48;2;13;17;23mlink page  [0;38;2;115;218;202;48;2;13;17;23;1m (( [0;38;2;108;122;143;48;2;13;17;23mblock ref  [0;38;2;115;218;202;48;2;13;17;23;1m # [0;38;2;108;122;143;48;2;13;17;23mtag                            [0m
