[0;38;2;96;130;200;48;2;17;22;30m╭[0;38;2;122;162;247;48;2;17;22;30;1m 2026-10-08 [0;38;2;108;122;143;48;2;17;22;30;1m today · 12 blocks [0;38;2;96;130;200;48;2;17;22;30m───────────────────────────────────────────────────────────────────────────────────────────────────────────╮[0m
[0;38;2;96;130;200;48;2;17;22;30m│[0;38;2;205;214;228;48;2;17;22;30m [0;38;2;108;122;143;48;2;17;22;30m▾ [0;38;2;205;214;228;48;2;17;22;30mDeep work 09:00–12:30 on the block store                                                                                               [0;38;2;96;130;200;48;2;17;22;30m│[0m
[0;38;2;96;130;200;48;2;17;22;30m│[0;38;2;205;214;228;48;2;17;22;30m [0;38;2;70;80;98;48;2;17;22;30m│ • [0;38;2;205;214;228;48;2;17;22;30mReplaced the integer [0;38;2;255;158;100;48;2;22;28;38m position [0;38;2;205;214;228;48;2;17;22;30m with a fractional index                                                                              [0;38;2;96;130;200;48;2;17;22;30m│[0m
[0;38;2;96;130;200;48;2;17;22;30m│[0;38;2;205;214;228;48;2;17;22;30m [0;38;2;70;80;98;48;2;17;22;30m│ • [0;38;2;205;214;228;48;2;17;22;30mReordering 4k siblings was O(n) writes → now it is one row                                                                           [0;38;2;96;130;200;48;2;17;22;30m│[0m
[0;38;2;96;130;200;48;2;17;22;30m│[0;38;2;205;214;228;48;2;17;22;30m [0;38;2;108;122;143;48;2;17;22;30m▾ [0;38;2;205;214;228;48;2;17;22;30mStandup — [0;38;2;70;80;98;48;2;17;22;30m[[[0;38;2;122;162;247;48;2;17;22;30;1mProject Aurora[0;38;2;70;80;98;48;2;17;22;30m]] ↗1[0;38;2;205;214;228;48;2;17;22;30m                                                                                                        [0;38;2;96;130;200;48;2;17;22;30m│[0m
[0;38;2;96;130;200;48;2;17;22;30m│[0;38;2;205;214;228;48;2;17;22;30m [0;38;2;70;80;98;48;2;17;22;30m│ • [0;38;2;205;214;228;48;2;17;22;30mExport format settled: the SQLite file *is* the format                                                                               [0;38;2;96;130;200;48;2;17;22;30m│[0m
[0;38;2;96;130;200;48;2;17;22;30m│[0;38;2;205;214;228;48;2;17;22;30m [0;38;2;70;80;98;48;2;17;22;30m│ [0;38;2;108;122;143;48;2;17;22;30m▾ [0;38;2;13;17;23;48;2;230;195;110;1mTODO[0;38;2;205;214;228;48;2;17;22;30m Ask Dana whether the trial keys rotate monthly                                                                                  [0;38;2;96;130;200;48;2;17;22;30m│[0m
[0;38;2;96;130;200;48;2;17;22;30m│[0;38;2;205;214;228;48;2;17;22;30m [0;38;2;70;80;98;48;2;17;22;30m│ │ • [0;38;2;115;218;202;48;2;17;22;30;2mdeadline[0;38;2;70;80;98;48;2;17;22;30m::[0;38;2;205;214;228;48;2;17;22;30m 2026-02-20                                                                                                              [0;38;2;96;130;200;48;2;17;22;30m│[0m
[0;38;2;96;130;200;48;2;17;22;30m│[0;38;2;205;214;228;48;2;17;22;30m       [0;38;2;115;218;202;48;2;17;22;30;2mpriority[0;38;2;70;80;98;48;2;17;22;30m::[0;38;2;205;214;228;48;2;17;22;30m A                                                                                                                       [0;38;2;96;130;200;48;2;17;22;30m│[0m
[0;38;2;96;130;200;48;2;17;22;30m│[0;38;2;205;214;228;48;2;17;22;30m [0;38;2;70;80;98;48;2;17;22;30m│ • [0;38;2;13;17;23;48;2;122;162;247;1mDOING[0;38;2;205;214;228;48;2;17;22;30m Write up the sync story for [0;38;2;70;80;98;48;2;17;22;30m[[[0;38;2;122;162;247;48;2;17;22;30;1mblok TUI[0;38;2;70;80;98;48;2;17;22;30m]] ↗1[0;38;2;205;214;228;48;2;17;22;30m                                                                                    [0;38;2;96;130;200;48;2;17;22;30m│[0m
[0;38;2;96;130;200;48;2;17;22;30m│[0;38;2;255;213;128;48;2;35;46;66m▌▾ [0;38;2;205;214;228;48;2;35;46;66mSee also ((snap[0;38;2;255;213;128;48;2;35;46;66;1m▏[0;38;2;205;214;228;48;2;17;22;30m                                                                                                                       [0;38;2;96;130;200;48;2;17;22;30m│[0m
[0;38;2;96;130;200;48;2;17;22;30m│[0;38;2;205;214;228;48;2;17;22;30m [0;38;2;70;80;98;48;2;17;22;30m│ • [0;38;2;205;214;228;48;2;17;22;30mAn empty day [0;38;2;122;162;247;48;2;22;28;38m╭[0;38;2;122;162;247;48;2;17;22;30;1m Reference a block · ((snap [0;38;2;122;162;247;48;2;22;28;38m────────────────────────╮[0;38;2;205;214;228;48;2;17;22;30m                                                                  [0;38;2;96;130;200;48;2;17;22;30m│[0m
[0;38;2;96;130;200;48;2;17;22;30m│[0;38;2;205;214;228;48;2;17;22;30m [0;38;2;70;80;98;48;2;17;22;30m• [0;38;2;205;214;228;48;2;17;22;30mReading: [0;38;2;255;158;100;48;2;22;28;38m VACUU[0;38;2;122;162;247;48;2;22;28;38m│[0;38;2;205;214;228;48;2;35;46;66m▸ DOING Snapshot uploader (rclo…[0;38;2;13;17;23;48;2;187;154;247;1m block [0;38;2;70;80;98;48;2;35;46;66m Project A…[0;38;2;205;214;228;48;2;22;28;38m  [0;38;2;122;162;247;48;2;22;28;38m│[0;38;2;205;214;228;48;2;17;22;30m                                                                  [0;38;2;96;130;200;48;2;17;22;30m│[0m
[0;38;2;96;130;200;48;2;17;22;30m│[0;38;2;205;214;228;48;2;17;22;30m [0;38;2;70;80;98;48;2;17;22;30m• [0;38;2;205;214;228;48;2;17;22;30mStorage trail: [0;38;2;122;162;247;48;2;22;28;38m│[0;38;2;108;122;143;48;2;22;28;38m  Constraint: laptops on 2G lin…[0;38;2;13;17;23;48;2;187;154;247;1m block [0;38;2;70;80;98;48;2;22;28;38m Project A…[0;38;2;205;214;228;48;2;22;28;38m  [0;38;2;122;162;247;48;2;22;28;38m│[0;38;2;205;214;228;48;2;17;22;30m                                                                  [0;38;2;96;130;200;48;2;17;22;30m│[0m
[0;38;2;96;130;200;48;2;17;22;30m│[0;38;2;205;214;228;48;2;17;22;30m                  [0;38;2;122;162;247;48;2;22;28;38m│[0;38;2;108;122;143;48;2;22;28;38m  Open question #sync: what hap…[0;38;2;13;17;23;48;2;187;154;247;1m block [0;38;2;70;80;98;48;2;22;28;38m Project A…[0;38;2;205;214;228;48;2;22;28;38m  [0;38;2;122;162;247;48;2;22;28;38m│[0;38;2;205;214;228;48;2;17;22;30m                                                                  [0;38;2;96;130;200;48;2;17;22;30m│[0m
[0;38;2;96;130;200;48;2;17;22;30m│[0;38;2;205;214;228;48;2;17;22;30m  [0;38;2;70;80;98;48;2;17;22;30m• type here for [0;38;2;122;162;247;48;2;22;28;38m│[0;38;2;108;122;143;48;2;22;28;38m  Decision: ship the **SQLite f…[0;38;2;13;17;23;48;2;187;154;247;1m block [0;38;2;70;80;98;48;2;22;28;38m Project A…[0;38;2;205;214;228;48;2;22;28;38m  [0;38;2;122;162;247;48;2;22;28;38m│[0;38;2;205;214;228;48;2;17;22;30m                                                                  [0;38;2;96;130;200;48;2;17;22;30m│[0m
[0;38;2;96;130;200;48;2;17;22;30m│[0;38;2;205;214;228;48;2;17;22;30m                  [0;38;2;122;162;247;48;2;22;28;38m│[0;38;2;115;218;202;48;2;13;17;23;1m ↑↓ [0;38;2;108;122;143;48;2;22;28;38mchoose  [0;38;2;115;218;202;48;2;13;17;23;1mTab [0;38;2;108;122;143;48;2;22;28;38mcomplete  [0;38;2;115;218;202;48;2;13;17;23;1mEsc [0;38;2;108;122;143;48;2;22;28;38mcancel[0;38;2;205;214;228;48;2;22;28;38m                [0;38;2;122;162;247;48;2;22;28;38m│[0;38;2;205;214;228;48;2;17;22;30m                                                                  [0;38;2;96;130;200;48;2;17;22;30m│[0m
[0;38;2;96;130;200;48;2;17;22;30m│[0;38;2;205;214;228;48;2;17;22;30m                  [0;38;2;122;162;247;48;2;22;28;38m╰────────────────────────────────────────────────────╯[0;38;2;205;214;228;48;2;17;22;30m                                                                  [0;38;2;96;130;200;48;2;17;22;30m│[0m
[0;38;2;96;130;200;48;2;17;22;30m│[0;38;2;205;214;228;48;2;17;22;30m                                                                                                                                          [0;38;2;96;130;200;48;2;17;22;30m│[0m
[0;38;2;96;130;200;48;2;17;22;30m│[0;38;2;205;214;228;48;2;17;22;30m                                                                                                                                          [0;38;2;96;130;200;48;2;17;22;30m│[0m
[0;38;2;96;130;200;48;2;17;22;30m│[0;38;2;205;214;228;48;2;17;22;30m                                                                                                                                          [0;38;2;96;130;200;48;2;17;22;30m│[0m
[0;38;2;96;130;200;48;2;17;22;30m│[0;38;2;205;214;228;48;2;17;22;30m                                                                                                                                          [0;38;2;96;130;200;48;2;17;22;30m│[0m
[0;38;2;96;130;200;48;2;17;22;30m│[0;38;2;205;214;228;48;2;17;22;30m                                                                                                                                          [0;38;2;96;130;200;48;2;17;22;30m│[0m
[0;38;2;96;130;200;48;2;17;22;30m│[0;38;2;205;214;228;48;2;17;22;30m                                                                                                                                          [0;38;2;96;130;200;48;2;17;22;30m│[0m
[0;38;2;96;130;200;48;2;17;22;30m│[0;38;2;205;214;228;48;2;17;22;30m                                                                                                                                          [0;38;2;96;130;200;48;2;17;22;30m│[0m
[0;38;2;96;130;200;48;2;17;22;30m│[0;38;2;205;214;228;48;2;17;22;30m                                                                                                                                          [0;38;2;96;130;200;48;2;17;22;30m│[0m
[0;38;2;96;130;200;48;2;17;22;30m│[0;38;2;205;214;228;48;2;17;22;30m                                                                                                                                          [0;38;2;96;130;200;48;2;17;22;30m│[0m
[0;38;2;96;130;200;48;2;17;22;30m│[0;38;2;205;214;228;48;2;17;22;30m                                                                                                                                          [0;38;2;96;130;200;48;2;17;22;30m│[0m
[0;38;2;96;130;200;48;2;17;22;30m│[0;38;2;205;214;228;48;2;17;22;30m                                                                                                                                          [0;38;2;96;130;200;48;2;17;22;30m│[0m
[0;38;2;96;130;200;48;2;17;22;30m│[0;38;2;205;214;228;48;2;17;22;30m                                                                                                                                          [0;38;2;96;130;200;48;2;17;22;30m│[0m
[0;38;2;96;130;200;48;2;17;22;30m│[0;38;2;205;214;228;48;2;17;22;30m                                                                                                                                          [0;38;2;96;130;200;48;2;17;22;30m│[0m
[0;38;2;96;130;200;48;2;17;22;30m│[0;38;2;205;214;228;48;2;17;22;30m                                                                                                                                          [0;38;2;96;130;200;48;2;17;22;30m│[0m
[0;38;2;96;130;200;48;2;17;22;30m│[0;38;2;205;214;228;48;2;17;22;30m                                                                                                                                          [0;38;2;96;130;200;48;2;17;22;30m│[0m
[0;38;2;96;130;200;48;2;17;22;30m│[0;38;2;205;214;228;48;2;17;22;30m                                                                                                                                          [0;38;2;96;130;200;48;2;17;22;30m│[0m
[0;38;2;96;130;200;48;2;17;22;30m│[0;38;2;205;214;228;48;2;17;22;30m                                                                                                                                          [0;38;2;96;130;200;48;2;17;22;30m│[0m
[0;38;2;96;130;200;48;2;17;22;30m│[0;38;2;205;214;228;48;2;17;22;30m                                                                                                                                          [0;38;2;96;130;200;48;2;17;22;30m│[0m
[0;38;2;96;130;200;48;2;17;22;30m│[0;38;2;205;214;228;48;2;17;22;30m                                                                                                                                          [0;38;2;96;130;200;48;2;17;22;30m│[0m
[0;38;2;96;130;200;48;2;17;22;30m│[0;38;2;205;214;228;48;2;17;22;30m                                                                                                                                          [0;38;2;96;130;200;48;2;17;22;30m│[0m
[0;38;2;96;130;200;48;2;17;22;30m│[0;38;2;205;214;228;48;2;17;22;30m                                                                                                                                          [0;38;2;96;130;200;48;2;17;22;30m│[0m
[0;38;2;96;130;200;48;2;17;22;30m╰──────────────────────────────────────────────────────────────────────────────────────────────────────────────────────────────────────────╯[0m
[0;38;2;13;17;23;48;2;126;231;135;1m INSERT [0;38;2;205;214;228;48;2;22;28;38m   9/12                                                                                                                             [0m
[0;38;2;115;218;202;48;2;13;17;23;1m Esc [0;38;2;108;122;143;48;2;13;17;23mstop editing  [0;38;2;115;218;202;48;2;13;17;23;1m ⏎ [0;38;2;108;122;143;48;2;13;17;23mnew block  [0;38;2;115;218;202;48;2;13;17;23;1m Alt-⏎ [0;38;2;108;122;143;48;2;13;17;23mnewline in this block  [0;38;2;115;218;202;48;2;13;17;23;1m / [0;38;2;108;122;143;48;2;13;17;23mcommands  [0;38;2;115;218;202;48;2;13;17;23;1m [[ [0;38;2;108;122;143;48;2;13;17;23mlink page  [0;38;2;115;218;202;48;2;13;17;23;1m (( [0;38;2;108;122;143;48;2;13;17;23mblock ref  [0;38;2;115;218;202;48;2;13;17;23;1m # [0;38;2;108;122;143;48;2;13;17;23mtag                            [0m
