[0;38;2;96;130;200;48;2;17;22;30m╭[0;38;2;122;162;247;48;2;17;22;30;1m 2026-10-08 [0;38;2;108;122;143;48;2;17;22;30;1m today · 12 blocks [0;38;2;96;130;200;48;2;17;22;30m───────────────────────────────────────────────────────────────────────────────────────────────────────────╮[0m
[0;38;2;96;130;200;48;2;17;22;30m│[0;38;2;205;214;228;48;2;17;22;30m [0;38;2;108;122;143;48;2;17;22;30m▾ [0;38;2;205;214;228;48;2;17;22;30mDeep work 09:00–12:30 on the block store                                                                                               [0;38;2;96;130;200;48;2;17;22;30m│[0m
[0;38;2;96;130;200;48;2;17;22;30m│[0;38;2;205;214;228;48;2;17;22;30m [0;38;2;70;80;98;48;2;17;22;30m│ • [0;38;2;205;214;228;48;2;17;22;30mReplaced the integer [0;38;2;255;158;100;48;2;22;28;38m position [0;38;2;205;214;228;48;2;17;22;30m with a fractional index                                                                              [0;38;2;96;130;200;48;2;17;22;30m│[0m
[0;38;2;96;130;200;48;2;17;22;30m│[0;38;2;205;214;228;48;2;17;22;30m [0;38;2;70;80;98;48;2;17;22;30m│ • [0;38;2;205;214;228;48;2;17;22;30mReordering 4k siblings was O(n) writes → now it is one row                                                                           [0;38;2;96;130;200;48;2;17;22;30m│[0m
[0;38;2;96;130;200;48;2;17;22;30m│[0;38;2;205;214;228;48;2;17;22;30m [0;38;2;108;122;143;48;2;17;22;30m▾ [0;38;2;205;214;228;48;2;17;22;30mStandup — [0;38;2;70;80;98;48;2;17;22;30m[[[0;38;2;122;162;247;48;2;17;22;30;1mProject Aurora[0;38;2;70;80;98;48;2;17;22;30m]] ↗1[0;38;2;205;214;228;48;2;17;22;30m                                                                                                        [0;38;2;96;130;200;48;2;17;22;30m│[0m
[0;38;2;96;130;200;48;2;17;22;30m│[0;38;2;205;214;228;48;2;17;22;30m [0;38;2;70;80;98;48;2;17;22;30m│ • [0;38;2;205;214;228;48;2;17;22;30mExport format settled: the SQLite file *is* the format                                                                               [0;38;2;96;130;200;48;2;17;22;30m│[0m
[0;38;2;96;130;200;48;2;17;22;30m│[0;38;2;205;214;228;48;2;17;22;30m [0;38;2;70;80;98;48;2;17;22;30m│ [0;38;2;108;122;143;48;2;17;22;30m▾ [0;38;2;13;17;23;48;2;230;195;110;1mTODO[0;38;2;205;214;228;48;2;17;22;30m Ask Dana whether the trial keys rotate monthly                                                                                  [0;38;2;96;130;200;48;2;17;22;30m│[0m
[0;38;2;96;130;200;48;2;17;22;30m│[0;38;2;255;213;128;48;2;35;46;66m▌[0;38;2;70;80;98;48;2;35;46;66m│ │ [0;38;2;255;213;128;48;2;35;46;66m• [0;38;2;115;218;202;48;2;35;46;66;2mdeadline[0;38;2;70;80;98;48;2;35;46;66m::[0;38;2;205;214;228;48;2;35;46;66m 2026-02-20[0;38;2;205;214;228;48;2;17;22;30m                                                                                                              [0;38;2;96;130;200;48;2;17;22;30m│[0m
[0;38;2;96;130;200;48;2;17;22;30m│[0;38;2;205;214;228;48;2;35;46;66m       [0;38;2;115;218;202;48;2;35;46;66;2mprio[0;38;2;13;17;23;48;2;255;213;128;2mr[0;38;2;115;218;202;48;2;35;46;66;2mity[0;38;2;70;80;98;48;2;35;46;66m::[0;38;2;205;214;228;48;2;35;46;66m A[0;38;2;205;214;228;48;2;17;22;30m                                                                                                                       [0;38;2;96;130;200;48;2;17;22;30m│[0m
[0;38;2;96;130;200;48;2;17;22;30m│[0;38;2;205;214;228;48;2;17;22;30m [0;38;2;70;80;98;48;2;17;22;30m│ • [0;38;2;13;17;23;48;2;122;162;247;1mDOING[0;38;2;205;214;228;48;2;17;22;30m Write up the sync story for [0;38;2;70;80;98;48;2;17;22;30m[[[0;38;2;122;162;247;48;2;17;22;30;1mblok TUI[0;38;2;70;80;98;48;2;17;22;30m]] ↗1[0;38;2;205;214;228;48;2;17;22;30m                                                                                    [0;38;2;96;130;200;48;2;17;22;30m│[0m
[0;38;2;96;130;200;48;2;17;22;30m│[0;38;2;205;214;228;48;2;17;22;30m [0;38;2;108;122;143;48;2;17;22;30m▾ [0;38;2;205;214;228;48;2;17;22;30mIdea: journals are rows, not files [0;38;2;126;231;135;48;2;17;22;30;2m#[0;38;2;126;231;135;48;2;17;22;30mblok[0;38;2;70;80;98;48;2;17;22;30m ↗1[0;38;2;205;214;228;48;2;17;22;30m                                                                                            [0;38;2;96;130;200;48;2;17;22;30m│[0m
[0;38;2;96;130;200;48;2;17;22;30m│[0;38;2;205;214;228;48;2;17;22;30m [0;38;2;70;80;98;48;2;17;22;30m│ • [0;38;2;205;214;228;48;2;17;22;30mAn empty day should not exist anywhere — not on disk, not in the DB                                                                  [0;38;2;96;130;200;48;2;17;22;30m│[0m
[0;38;2;96;130;200;48;2;17;22;30m│[0;38;2;205;214;228;48;2;17;22;30m [0;38;2;70;80;98;48;2;17;22;30m• [0;38;2;205;214;228;48;2;17;22;30mReading: [0;38;2;255;158;100;48;2;22;28;38m VACUUM INTO [0;38;2;205;214;228;48;2;17;22;30m semantics                                                                                                       [0;38;2;96;130;200;48;2;17;22;30m│[0m
[0;38;2;96;130;200;48;2;17;22;30m│[0;38;2;205;214;228;48;2;17;22;30m [0;38;2;70;80;98;48;2;17;22;30m• [0;38;2;205;214;228;48;2;17;22;30mStorage trail: [0;38;2;70;80;98;48;2;17;22;30m[[[0;38;2;122;162;247;48;2;17;22;30;1mblok TUI[0;38;2;70;80;98;48;2;17;22;30m]][0;38;2;205;214;228;48;2;17;22;30m · [0;38;2;70;80;98;48;2;17;22;30m[[[0;38;2;122;162;247;48;2;17;22;30;1mSQLite[0;38;2;70;80;98;48;2;17;22;30m]][0;38;2;205;214;228;48;2;17;22;30m · [0;38;2;126;231;135;48;2;17;22;30;2m#[0;38;2;126;231;135;48;2;17;22;30msync[0;38;2;70;80;98;48;2;17;22;30m ↗3[0;38;2;205;214;228;48;2;17;22;30m                                                                                    [0;38;2;96;130;200;48;2;17;22;30m│[0m
[0;38;2;96;130;200;48;2;17;22;30m│[0;38;2;205;214;228;48;2;17;22;30m                                                                                                                                          [0;38;2;96;130;200;48;2;17;22;30m│[0m
[0;38;2;96;130;200;48;2;17;22;30m│[0;38;2;205;214;228;48;2;17;22;30m  [0;38;2;70;80;98;48;2;17;22;30m• type here for the next block — or press o[0;38;2;205;214;228;48;2;17;22;30m                                                                                             [0;38;2;96;130;200;48;2;17;22;30m│[0m
[0;38;2;96;130;200;48;2;17;22;30m│[0;38;2;205;214;228;48;2;17;22;30m                                                                                                                                          [0;38;2;96;130;200;48;2;17;22;30m│[0m
[0;38;2;96;130;200;48;2;17;22;30m│[0;38;2;205;214;228;48;2;17;22;30m                                                                                                                                          [0;38;2;96;130;200;48;2;17;22;30m│[0m
[0;38;2;96;130;200;48;2;17;22;30m│[0;38;2;205;214;228;48;2;17;22;30m                                                                                                                                          [0;38;2;96;130;200;48;2;17;22;30m│[0m
[0;38;2;96;130;200;48;2;17;22;30m│[0;38;2;205;214;228;48;2;17;22;30m                                                                                                                                          [0;38;2;96;130;200;48;2;17;22;30m│[0m
[0;38;2;96;130;200;48;2;17;22;30m│[0;38;2;205;214;228;48;2;17;22;30m                                                                                                                                          [0;38;2;96;130;200;48;2;17;22;30m│[0m
[0;38;2;96;130;200;48;2;17;22;30m│[0;38;2;205;214;228;48;2;17;22;30m                                                                                                                                          [0;38;2;96;130;200;48;2;17;22;30m│[0m
[0;38;2;96;130;200;48;2;17;22;30m│[0;38;2;205;214;228;48;2;17;22;30m                                                                                                                                          [0;38;2;96;130;200;48;2;17;22;30m│[0m
[0;38;2;96;130;200;48;2;17;22;30m│[0;38;2;205;214;228;48;2;17;22;30m                                                                                                                                          [0;38;2;96;130;200;48;2;17;22;30m│[0m
[0;38;2;96;130;200;48;2;17;22;30m│[0;38;2;205;214;228;48;2;17;22;30m                                                                                                                                          [0;38;2;96;130;200;48;2;17;22;30m│[0m
[0;38;2;96;130;200;48;2;17;22;30m│[0;38;2;205;214;228;48;2;17;22;30m                                                                                                                                          [0;38;2;96;130;200;48;2;17;22;30m│[0m
[0;38;2;96;130;200;48;2;17;22;30m│[0;38;2;205;214;228;48;2;17;22;30m                                                                                                                                          [0;38;2;96;130;200;48;2;17;22;30m│[0m
[0;38;2;96;130;200;48;2;17;22;30m│[0;38;2;205;214;228;48;2;17;22;30m                                                                                                                                          [0;38;2;96;130;200;48;2;17;22;30m│[0m
[0;38;2;96;130;200;48;2;17;22;30m│[0;38;2;205;214;228;48;2;17;22;30m                                                                                                                                          [0;38;2;96;130;200;48;2;17;22;30m│[0m
[0;38;2;96;130;200;48;2;17;22;30m│[0;38;2;205;214;228;48;2;17;22;30m                                                                                                                                          [0;38;2;96;130;200;48;2;17;22;30m│[0m
[0;38;2;96;130;200;48;2;17;22;30m│[0;38;2;205;214;228;48;2;17;22;30m                                                                                                                                          [0;38;2;96;130;200;48;2;17;22;30m│[0m
[0;38;2;96;130;200;48;2;17;22;30m│[0;38;2;205;214;228;48;2;17;22;30m                                                                                                                                          [0;38;2;96;130;200;48;2;17;22;30m│[0m
[0;38;2;96;130;200;48;2;17;22;30m│[0;38;2;205;214;228;48;2;17;22;30m                                                                                                                                          [0;38;2;96;130;200;48;2;17;22;30m│[0m
[0;38;2;96;130;200;48;2;17;22;30m│[0;38;2;205;214;228;48;2;17;22;30m                                                                                                                                          [0;38;2;96;130;200;48;2;17;22;30m│[0m
[0;38;2;96;130;200;48;2;17;22;30m│[0;38;2;205;214;228;48;2;17;22;30m                                                                                                                                          [0;38;2;96;130;200;48;2;17;22;30m│[0m
[0;38;2;96;130;200;48;2;17;22;30m│[0;38;2;205;214;228;48;2;17;22;30m                                                                                                                                          [0;38;2;96;130;200;48;2;17;22;30m│[0m
[0;38;2;96;130;200;48;2;17;22;30m│[0;38;2;205;214;228;48;2;17;22;30m                                                                                                                                          [0;38;2;96;130;200;48;2;17;22;30m│[0m
[0;38;2;96;130;200;48;2;17;22;30m│[0;38;2;205;214;228;48;2;17;22;30m                                                                                                                                          [0;38;2;96;130;200;48;2;17;22;30m│[0m
[0;38;2;96;130;200;48;2;17;22;30m│[0;38;2;205;214;228;48;2;17;22;30m                                                                                                                                          [0;38;2;96;130;200;48;2;17;22;30m│[0m
[0;38;2;96;130;200;48;2;17;22;30m╰──────────────────────────────────────────────────────────────────────────────────────────────────────────────────────────────────────────╯[0m
[0;38;2;13;17;23;48;2;126;231;135;1m INSERT [0;38;2;205;214;228;48;2;22;28;38m   7/12[0;38;2;70;80;98;48;2;22;28;38m  depth 2[0;38;2;205;214;228;48;2;22;28;38m                                                                                                      [0;38;2;255;213;128;48;2;22;28;38mline 2, col 5 [0m
[0;38;2;115;218;202;48;2;13;17;23;1m Esc [0;38;2;108;122;143;48;2;13;17;23mstop editing  [0;38;2;115;218;202;48;2;13;17;23;1m ⏎ [0;38;2;108;122;143;48;2;13;17;23mnew block  [0;38;2;115;218;202;48;2;13;17;23;1m Alt-⏎ [0;38;2;108;122;143;48;2;13;17;23mnewline in this block  [0;38;2;115;218;202;48;2;13;17;23;1m Tab [0;38;2;108;122;143;48;2;13;17;23mindent  [0;38;2;115;218;202;48;2;13;17;23;1m / [0;38;2;108;122;143;48;2;13;17;23mcommands  [0;38;2;115;218;202;48;2;13;17;23;1m [[ [0;38;2;108;122;143;48;2;13;17;23mlink page  [0;38;2;115;218;202;48;2;13;17;23;1m (( [0;38;2;108;122;143;48;2;13;17;23mblock ref  [0;38;2;115;218;202;48;2;13;17;23;1m # [0;38;2;108;122;143;48;2;13;17;23mtag               [0m
