[0;38;2;96;130;200;48;2;17;22;30m╭[0;38;2;122;162;247;48;2;17;22;30;1m 2026-10-09 [0;38;2;108;122;143;48;2;17;22;30;1m today · 12 blocks [0;38;2;96;130;200;48;2;17;22;30m───────────────────────────────────────────────────────────────────────────────────────────────────────────╮[0m
[0;38;2;96;130;200;48;2;17;22;30m│[0;38;2;205;214;228;48;2;17;22;30m [0;38;2;108;122;143;48;2;17;22;30m▾ [0;38;2;205;214;228;48;2;17;22;30mDeep work 09:00–12:30 on the block store                                                                                               [0;38;2;96;130;200;48;2;17;22;30m│[0m
[0;38;2;96;130;200;48;2;17;22;30m│[0;38;2;205;214;228;48;2;17;22;30m [0;38;2;70;80;98;48;2;17;22;30m│ • [0;38;2;205;214;228;48;2;17;22;30mReplaced the integer [0;38;2;255;158;100;48;2;22;28;38m position [0;38;2;205;214;228;48;2;17;22;30m with a fractional index                                                                              [0;38;2;96;130;200;48;2;17;22;30m│[0m
[0;38;2;96;130;200;48;2;17;22;30m│[0;38;2;205;214;228;48;2;17;22;30m [0;38;2;70;80;98;48;2;17;22;30m│ • [0;38;2;205;214;228;48;2;17;22;30mReordering 4k siblings was O(n) writes → now it is one row                                                                           [0;38;2;96;130;200;48;2;17;22;30m│[0m
[0;38;2;96;130;200;48;2;17;22;30m│[0;38;2;205;214;228;48;2;17;22;30m [0;38;2;108;122;143;48;2;17;22;30m▾ [0;38;2;205;214;228;48;2;17;22;30mStandup — [0;38;2;70;80;98;48;2;17;22;30m[[[0;38;2;122;162;247;48;2;17;22;30;1mProject Aurora[0;38;2;70;80;98;48;2;17;22;30m]] ↗1[0;38;2;205;214;228;48;2;17;22;30m                                                                                                        [0;38;2;96;130;200;48;2;17;22;30m│[0m
[0;38;2;96;130;200;48;2;17;22;30m│[0;38;2;205;214;228;48;2;17;22;30m [0;38;2;70;80;98;48;2;17;22;30m│ • [0;38;2;205;214;228;48;2;17;22;30mExport format settled: the SQLite file *is* the format                                                                               [0;38;2;96;130;200;48;2;17;22;30m│[0m
[0;38;2;96;130;200;48;2;17;22;30m│[0;38;2;122;162;247;48;2;35;46;66m▌[0;38;2;70;80;98;48;2;35;46;66m│ [0;38;2;122;162;247;48;2;35;46;66m▾ [0;38;2;13;17;23;48;2;230;195;110;1mTODO[0;38;2;205;214;228;48;2;35;46;66m Ask Dana whether the trial keys rotate monthly[0;38;2;205;214;228;48;2;17;22;30m                                                                                  [0;38;2;96;130;200;48;2;17;22;30m│[0m
[0;38;2;96;130;200;48;2;17;22;30m│[0;38;2;205;214;228;48;2;17;22;30m [0;38;2;70;80;98;48;2;17;22;30m│ │ • [0;38;2;115;218;202;48;2;17;22;30;2mdeadline[0;38;2;70;80;98;48;2;17;22;30m::[0;38;2;205;214;228;48;2;17;22;30m 2026-02-20                                                                                                              [0;38;2;96;130;200;48;2;17;22;30m│[0m
[0;38;2;96;130;200;48;2;17;22;30m│[0;38;2;205;214;228;48;2;17;22;30m       [0;38;2;115;218;202;48;2;17;22;30;2mpriority[0;38;2;70;80;98;48;2;17;22;30m::[0;38;2;205;214;228;48;2;17;22;30m A                                                                                                                       [0;38;2;96;130;200;48;2;17;22;30m│[0m
[0;38;2;96;130;200;48;2;17;22;30m│[0;38;2;205;214;228;48;2;17;22;30m [0;38;2;70;80;98;48;2;17;22;30m│ • [0;38;2;13;17;23;48;2;122;162;247;1mDOING[0;38;2;205;214;228;48;2;17;22;30m Write up the sync story for [0;38;2;70;80;98;48;2;17;22;30m[[[0;38;2;122;162;247;48;2;17;22;30;1mblok TUI[0;38;2;70;80;98;48;2;17;22;30m]] ↗1[0;38;2;205;214;228;48;2;17;22;30m                                                                                    [0;38;2;96;130;200;48;2;17;22;30m│[0m
[0;38;2;96;130;200;48;2;17;22;30m│[0;38;2;205;214;228;48;2;17;22;30m [0;38;2;108;122;143;48;2;17;22;30m▾ [0;38;2;205;214;228;48;2;17;22;30mIdea: journals are rows, not files [0;38;2;126;231;135;48;2;17;22;30;2m#[0;38;2;126;231;135;48;2;17;22;30mblok[0;38;2;70;80;98;48;2;17;22;30m ↗1[0;38;2;205;214;228;48;2;17;22;30m                                                                                            [0;38;2;96;130;200;48;2;17;22;30m│[0m
[0;38;2;96;130;200;48;2;17;22;30m│[0;38;2;205;214;228;48;2;17;22;30m [0;38;2;70;80;98;48;2;17;22;30m│ • [0;38;2;205;214;228;48;2;17;22;30mAn empty day should not exist anywhere — not on disk, not in the DB                                                                  [0;38;2;96;130;200;48;2;17;22;30m│[0m
[0;38;2;96;130;200;48;2;17;22;30m│[0;38;2;205;214;228;48;2;17;22;30m [0;38;2;70;80;98;48;2;17;22;30m• [0;38;2;205;214;228;48;2;17;22;30mReading: [0;38;2;255;158;100;48;2;22;28;38m VACUUM INTO [0;38;2;205;214;228;48;2;17;22;30m semantics                                                                                                       [0;38;2;96;130;200;48;2;17;22;30m│[0m
[0;38;2;96;130;200;48;2;17;22;30m│[0;38;2;205;214;228;48;2;17;22;30m [0;38;2;70;80;98;48;2;17;22;30m• [0;38;2;205;214;228;48;2;17;22;30mStorage trail: [0;38;2;70;80;98;48;2;17;22;30m[[[0;38;2;122;162;247;48;2;17;22;30;1mblok TUI[0;38;2;70;80;98;48;2;17;22;30m]][0;38;2;205;214;228;48;2;17;22;30m · [0;38;2;70;80;98;48;2;17;22;30m[[[0;38;2;122;162;247;48;2;17;22;30;1mSQLite[0;38;2;70;80;98;48;2;17;22;30m]][0;38;2;205;214;228;48;2;17;22;30m · [0;38;2;126;231;135;48;2;17;22;30;2m#[0;38;2;126;231;135;48;2;17;22;30msync[0;38;2;70;80;98;48;2;17;22;30m ↗3[0;38;2;205;214;228;48;2;17;22;30m                                                                                    [0;38;2;96;130;200;48;2;17;22;30m│[0m
[0;38;2;96;130;200;48;2;17;22;30m│[0;38;2;205;214;228;48;2;17;22;30m                                                                                                                                          [0;38;2;96;130;200;48;2;17;22;30m│[0m
[0;38;2;96;130;200;48;2;17;22;30m│[0;38;2;205;214;228;48;2;17;22;30m  [0;38;2;70;80;98;48;2;17;22;30m• type here for the next block — or press o[0;38;2;205;214;228;48;2;17;22;30m                                                                                             [0;38;2;96;130;200;48;2;17;22;30m│[0m
[0;38;2;96;130;200;48;2;17;22;30m│[0;38;2;205;214;228;48;2;17;22;30m                                                                                                                                          [0;38;2;96;130;200;48;2;17;22;30m│[0m
[0;38;2;96;130;200;48;2;17;22;30m│[0;38;2;205;214;228;48;2;17;22;30m                                                                                                                                          [0;38;2;96;130;200;48;2;17;22;30m│[0m
[0;38;2;96;130;200;48;2;17;22;30m│[0;38;2;205;214;228;48;2;17;22;30m                                                                                                                                          [0;38;2;96;130;200;48;2;17;22;30m│[0m
[0;38;2;96;130;200;48;2;17;22;30m│[0;38;2;205;214;228;48;2;17;22;30m                                                                                                                                          [0;38;2;96;130;200;48;2;17;22;30m│[0m
[0;38;2;96;130;200;48;2;17;22;30m│[0;38;2;205;214;228;48;2;17;22;30m                                                                                                                                          [0;38;2;96;130;200;48;2;17;22;30m│[0m
[0;38;2;96;130;200;48;2;17;22;30m│[0;38;2;205;214;228;48;2;17;22;30m                                                                                                                                          [0;38;2;96;130;200;48;2;17;22;30m│[0m
[0;38;2;96;130;200;48;2;17;22;30m│[0;38;2;205;214;228;48;2;17;22;30m                                                                                                                                          [0;38;2;96;130;200;48;2;17;22;30m│[0m
[0;38;2;96;130;200;48;2;17;22;30m│[0;38;2;205;214;228;48;2;17;22;30m                                                                                                                                          [0;38;2;96;130;200;48;2;17;22;30m│[0m
[0;38;2;96;130;200;48;2;17;22;30m│[0;38;2;205;214;228;48;2;17;22;30m                                                                                                                                          [0;38;2;96;130;200;48;2;17;22;30m│[0m
[0;38;2;96;130;200;48;2;17;22;30m│[0;38;2;205;214;228;48;2;17;22;30m                                                                                                                                          [0;38;2;96;130;200;48;2;17;22;30m│[0m
[0;38;2;96;130;200;48;2;17;22;30m│[0;38;2;205;214;228;48;2;17;22;30m                                                                                                                                          [0;38;2;96;130;200;48;2;17;22;30m│[0m
[0;38;2;96;130;200;48;2;17;22;30m│[0;38;2;205;214;228;48;2;17;22;30m                                                                                                                                          [0;38;2;96;130;200;48;2;17;22;30m│[0m
[0;38;2;96;130;200;48;2;17;22;30m│[0;38;2;205;214;228;48;2;17;22;30m                                                                                                                                          [0;38;2;96;130;200;48;2;17;22;30m│[0m
[0;38;2;96;130;200;48;2;17;22;30m│[0;38;2;205;214;228;48;2;17;22;30m                                                                                                                                          [0;38;2;96;130;200;48;2;17;22;30m│[0m
[0;38;2;96;130;200;48;2;17;22;30m│[0;38;2;205;214;228;48;2;17;22;30m                                                                                                                                          [0;38;2;96;130;200;48;2;17;22;30m│[0m
[0;38;2;96;130;200;48;2;17;22;30m│[0;38;2;205;214;228;48;2;17;22;30m                                                                                                                                          [0;38;2;96;130;200;48;2;17;22;30m│[0m
[0;38;2;96;130;200;48;2;17;22;30m│[0;38;2;205;214;228;48;2;17;22;30m                                                                                                                                          [0;38;2;96;130;200;48;2;17;22;30m│[0m
[0;38;2;96;130;200;48;2;17;22;30m│[0;38;2;205;214;228;48;2;17;22;30m                                                                                                                                          [0;38;2;96;130;200;48;2;17;22;30m│[0m
[0;38;2;96;130;200;48;2;17;22;30m│[0;38;2;205;214;228;48;2;17;22;30m                                                                                                                                          [0;38;2;96;130;200;48;2;17;22;30m│[0m
[0;38;2;96;130;200;48;2;17;22;30m│[0;38;2;205;214;228;48;2;17;22;30m                                                                                                                                          [0;38;2;96;130;200;48;2;17;22;30m│[0m
[0;38;2;96;130;200;48;2;17;22;30m│[0;38;2;205;214;228;48;2;17;22;30m                                                                                                                                          [0;38;2;96;130;200;48;2;17;22;30m│[0m
[0;38;2;96;130;200;48;2;17;22;30m│[0;38;2;205;214;228;48;2;17;22;30m                                                                                                                                          [0;38;2;96;130;200;48;2;17;22;30m│[0m
[0;38;2;96;130;200;48;2;17;22;30m╰──────────────────────────────────────────────────────────────────────────────────────────────────────────────────────────────────────────╯[0m
[0;38;2;13;17;23;48;2;122;162;247;1m · [0;38;2;205;214;228;48;2;22;28;38;1m Tab re-parents the block under its previous sibling [0;38;2;70;80;98;48;2;22;28;38m  before — one Tab press [0;38;2;205;214;228;48;2;22;28;38m                                                           [0m
[0;38;2;13;17;23;48;2;122;162;247;1m NORMAL [0;38;2;205;214;228;48;2;22;28;38m   6/12[0;38;2;70;80;98;48;2;22;28;38m  depth 1[0;38;2;205;214;228;48;2;22;28;38m                                                                                                                    [0m
[0;38;2;115;218;202;48;2;13;17;23;1m Ctrl-M [0;38;2;108;122;143;48;2;13;17;23mmetadata  [0;38;2;115;218;202;48;2;13;17;23;1m j/k [0;38;2;108;122;143;48;2;13;17;23mblocks  [0;38;2;115;218;202;48;2;13;17;23;1m ⏎ / i [0;38;2;108;122;143;48;2;13;17;23medit  [0;38;2;115;218;202;48;2;13;17;23;1m w b e [0;38;2;108;122;143;48;2;13;17;23mwords  [0;38;2;115;218;202;48;2;13;17;23;1m o [0;38;2;108;122;143;48;2;13;17;23mnew block  [0;38;2;115;218;202;48;2;13;17;23;1m Ctrl-P [0;38;2;108;122;143;48;2;13;17;23mFind  [0;38;2;115;218;202;48;2;13;17;23;1m h/l [0;38;2;108;122;143;48;2;13;17;23mup · down  [0;38;2;115;218;202;48;2;13;17;23;1m [ ] [0;38;2;108;122;143;48;2;13;17;23mback / forward  [0;38;2;115;218;202;48;2;13;17;23;1m ? [0;38;2;108;122;143;48;2;13;17;23mall keys      [0m
