[0;38;2;96;130;200;48;2;17;22;30m╭[0;38;2;122;162;247;48;2;17;22;30;1m Project Aurora [0;38;2;108;122;143;48;2;17;22;30;1m 11 blocks · 2 refs [0;38;2;96;130;200;48;2;17;22;30m──────────────────────────────────────────────────────────────╮[0;38;2;45;55;72;48;2;17;22;30m╭[0;38;2;70;80;98;48;2;17;22;30;1m LINKED REFERENCES [0;38;2;122;162;247;48;2;17;22;30;1m 2 [0;38;2;45;55;72;48;2;17;22;30m────────────────╮[0m
[0;38;2;96;130;200;48;2;17;22;30m│[0;38;2;205;214;228;48;2;17;22;30m [0;38;2;108;122;143;48;2;17;22;30m▾ [0;38;2;205;214;228;48;2;17;22;30mProject Aurora — offline-first note sync for field teams                                       [0;38;2;96;130;200;48;2;17;22;30m│[0;38;2;45;55;72;48;2;17;22;30m│[0;38;2;70;80;98;48;2;17;22;30;1mblok TUI [0;38;2;70;80;98;48;2;17;22;30m(1)[0;38;2;205;214;228;48;2;17;22;30m                          [0;38;2;45;55;72;48;2;17;22;30m│[0m
[0;38;2;96;130;200;48;2;17;22;30m│[0;38;2;205;214;228;48;2;17;22;30m [0;38;2;70;80;98;48;2;17;22;30m│ • [0;38;2;205;214;228;48;2;17;22;30mConstraint: laptops on 2G links for weeks at a time                                          [0;38;2;96;130;200;48;2;17;22;30m│[0;38;2;45;55;72;48;2;17;22;30m│[0;38;2;70;80;98;48;2;17;22;30m· [0;38;2;205;214;228;48;2;17;22;30mTODO Decide whether the TUI shoul…  [0;38;2;45;55;72;48;2;17;22;30m│[0m
[0;38;2;96;130;200;48;2;17;22;30m│[0;38;2;122;162;247;48;2;35;46;66m▌[0;38;2;70;80;98;48;2;35;46;66m│ [0;38;2;122;162;247;48;2;35;46;66m• [0;38;2;205;214;228;48;2;35;46;66mDecision: ship the [0;38;2;205;214;228;48;2;35;46;66;1mSQLite file[0;38;2;205;214;228;48;2;35;46;66m as the export format, not markdown[0;38;2;205;214;228;48;2;17;22;30m                            [0;38;2;96;130;200;48;2;17;22;30m│[0;38;2;45;55;72;48;2;17;22;30m│[0;38;2;205;214;228;48;2;17;22;30m                                      [0;38;2;45;55;72;48;2;17;22;30m│[0m
[0;38;2;96;130;200;48;2;17;22;30m│[0;38;2;205;214;228;48;2;17;22;30m [0;38;2;70;80;98;48;2;17;22;30m│ • [0;38;2;205;214;228;48;2;17;22;30mRejected: markdown tree — 4k files, slow rename, no transactions                             [0;38;2;96;130;200;48;2;17;22;30m│[0;38;2;45;55;72;48;2;17;22;30m│[0;38;2;70;80;98;48;2;17;22;30;1mToday [0;38;2;70;80;98;48;2;17;22;30m(1)[0;38;2;205;214;228;48;2;17;22;30m                             [0;38;2;45;55;72;48;2;17;22;30m│[0m
[0;38;2;96;130;200;48;2;17;22;30m│[0;38;2;205;214;228;48;2;17;22;30m [0;38;2;108;122;143;48;2;17;22;30m▾ [0;38;2;205;214;228;48;2;17;22;30mMilestones                                                                                     [0;38;2;96;130;200;48;2;17;22;30m│[0;38;2;45;55;72;48;2;17;22;30m│[0;38;2;70;80;98;48;2;17;22;30m· [0;38;2;205;214;228;48;2;17;22;30mStandup — [[Project Aurora]]        [0;38;2;45;55;72;48;2;17;22;30m│[0m
[0;38;2;96;130;200;48;2;17;22;30m│[0;38;2;205;214;228;48;2;17;22;30m [0;38;2;70;80;98;48;2;17;22;30m│ • [0;38;2;13;17;23;48;2;230;195;110;1mTODO[0;38;2;205;214;228;48;2;17;22;30m Single-file export + import round-trip                                                  [0;38;2;96;130;200;48;2;17;22;30m│[0;38;2;45;55;72;48;2;17;22;30m│[0;38;2;205;214;228;48;2;17;22;30m                                      [0;38;2;45;55;72;48;2;17;22;30m│[0m
[0;38;2;96;130;200;48;2;17;22;30m│[0;38;2;205;214;228;48;2;17;22;30m [0;38;2;70;80;98;48;2;17;22;30m│ [0;38;2;108;122;143;48;2;17;22;30m▾ [0;38;2;13;17;23;48;2;122;162;247;1mDOING[0;38;2;205;214;228;48;2;17;22;30m Snapshot uploader (rclone backend)                                                     [0;38;2;96;130;200;48;2;17;22;30m│[0;38;2;45;55;72;48;2;17;22;30m│[0;38;2;70;80;98;48;2;17;22;30m──────────────────────────────────────[0;38;2;45;55;72;48;2;17;22;30m│[0m
[0;38;2;96;130;200;48;2;17;22;30m│[0;38;2;205;214;228;48;2;17;22;30m [0;38;2;70;80;98;48;2;17;22;30m│ │ • [0;38;2;13;17;23;48;2;126;231;135;1mDONE[0;38;2;205;214;228;48;2;17;22;30m Conflict model: last-writer-wins per *block*, not per file                            [0;38;2;96;130;200;48;2;17;22;30m│[0;38;2;45;55;72;48;2;17;22;30m│[0;38;2;70;80;98;48;2;17;22;30;1mUNLINKED [0;38;2;70;80;98;48;2;17;22;30m(mentions of this title)[0;38;2;205;214;228;48;2;17;22;30m     [0;38;2;45;55;72;48;2;17;22;30m│[0m
[0;38;2;96;130;200;48;2;17;22;30m│[0;38;2;205;214;228;48;2;17;22;30m [0;38;2;70;80;98;48;2;17;22;30m│ • [0;38;2;13;17;23;48;2;187;154;247;1mLATER[0;38;2;205;214;228;48;2;17;22;30m On-device full-text reindex after a restore                                            [0;38;2;96;130;200;48;2;17;22;30m│[0;38;2;45;55;72;48;2;17;22;30m│[0;38;2;70;80;98;48;2;17;22;30m· Project Aurora — offline-first note[0;38;2;205;214;228;48;2;17;22;30m [0;38;2;45;55;72;48;2;17;22;30m│[0m
[0;38;2;96;130;200;48;2;17;22;30m│[0;38;2;205;214;228;48;2;17;22;30m [0;38;2;70;80;98;48;2;17;22;30m• [0;38;2;205;214;228;48;2;17;22;30mStorage argument lives in [0;38;2;70;80;98;48;2;17;22;30m(([0;38;2;187;154;247;48;2;17;22;30m↗ Idea: journals are rows, no…[0;38;2;70;80;98;48;2;17;22;30m))[0;38;2;205;214;228;48;2;17;22;30m (today's journal)[0;38;2;70;80;98;48;2;17;22;30m ↗1[0;38;2;205;214;228;48;2;17;22;30m              [0;38;2;96;130;200;48;2;17;22;30m│[0;38;2;45;55;72;48;2;17;22;30m│[0;38;2;205;214;228;48;2;17;22;30m                                      [0;38;2;45;55;72;48;2;17;22;30m│[0m
[0;38;2;96;130;200;48;2;17;22;30m│[0;38;2;205;214;228;48;2;17;22;30m [0;38;2;70;80;98;48;2;17;22;30m• [0;38;2;205;214;228;48;2;17;22;30mOpen question [0;38;2;126;231;135;48;2;17;22;30;2m#[0;38;2;126;231;135;48;2;17;22;30msync[0;38;2;205;214;228;48;2;17;22;30m: what happens when two devices both snapshot at 09:00?[0;38;2;70;80;98;48;2;17;22;30m ↗1[0;38;2;205;214;228;48;2;17;22;30m                  [0;38;2;96;130;200;48;2;17;22;30m│[0;38;2;45;55;72;48;2;17;22;30m│[0;38;2;205;214;228;48;2;17;22;30m                                      [0;38;2;45;55;72;48;2;17;22;30m│[0m
[0;38;2;96;130;200;48;2;17;22;30m│[0;38;2;205;214;228;48;2;17;22;30m                                                                                                  [0;38;2;96;130;200;48;2;17;22;30m│[0;38;2;45;55;72;48;2;17;22;30m│[0;38;2;205;214;228;48;2;17;22;30m                                      [0;38;2;45;55;72;48;2;17;22;30m│[0m
[0;38;2;96;130;200;48;2;17;22;30m│[0;38;2;205;214;228;48;2;17;22;30m                                                                                                  [0;38;2;96;130;200;48;2;17;22;30m│[0;38;2;45;55;72;48;2;17;22;30m│[0;38;2;205;214;228;48;2;17;22;30m                                      [0;38;2;45;55;72;48;2;17;22;30m│[0m
[0;38;2;96;130;200;48;2;17;22;30m│[0;38;2;205;214;228;48;2;17;22;30m                                                                                                  [0;38;2;96;130;200;48;2;17;22;30m│[0;38;2;45;55;72;48;2;17;22;30m│[0;38;2;205;214;228;48;2;17;22;30m                                      [0;38;2;45;55;72;48;2;17;22;30m│[0m
[0;38;2;96;130;200;48;2;17;22;30m│[0;38;2;205;214;228;48;2;17;22;30m                                                                                                  [0;38;2;96;130;200;48;2;17;22;30m│[0;38;2;45;55;72;48;2;17;22;30m│[0;38;2;205;214;228;48;2;17;22;30m                                      [0;38;2;45;55;72;48;2;17;22;30m│[0m
[0;38;2;96;130;200;48;2;17;22;30m│[0;38;2;205;214;228;48;2;17;22;30m                                                                                                  [0;38;2;96;130;200;48;2;17;22;30m│[0;38;2;45;55;72;48;2;17;22;30m│[0;38;2;205;214;228;48;2;17;22;30m                                      [0;38;2;45;55;72;48;2;17;22;30m│[0m
[0;38;2;96;130;200;48;2;17;22;30m│[0;38;2;205;214;228;48;2;17;22;30m                                                                                                  [0;38;2;96;130;200;48;2;17;22;30m│[0;38;2;45;55;72;48;2;17;22;30m│[0;38;2;205;214;228;48;2;17;22;30m                                      [0;38;2;45;55;72;48;2;17;22;30m│[0m
[0;38;2;96;130;200;48;2;17;22;30m│[0;38;2;205;214;228;48;2;17;22;30m                                                                                                  [0;38;2;96;130;200;48;2;17;22;30m│[0;38;2;45;55;72;48;2;17;22;30m│[0;38;2;205;214;228;48;2;17;22;30m                                      [0;38;2;45;55;72;48;2;17;22;30m│[0m
[0;38;2;96;130;200;48;2;17;22;30m│[0;38;2;205;214;228;48;2;17;22;30m                                                                                                  [0;38;2;96;130;200;48;2;17;22;30m│[0;38;2;45;55;72;48;2;17;22;30m│[0;38;2;205;214;228;48;2;17;22;30m                                      [0;38;2;45;55;72;48;2;17;22;30m│[0m
[0;38;2;96;130;200;48;2;17;22;30m│[0;38;2;205;214;228;48;2;17;22;30m                                                                                                  [0;38;2;96;130;200;48;2;17;22;30m│[0;38;2;45;55;72;48;2;17;22;30m│[0;38;2;205;214;228;48;2;17;22;30m                                      [0;38;2;45;55;72;48;2;17;22;30m│[0m
[0;38;2;96;130;200;48;2;17;22;30m│[0;38;2;205;214;228;48;2;17;22;30m                                                                                                  [0;38;2;96;130;200;48;2;17;22;30m│[0;38;2;45;55;72;48;2;17;22;30m│[0;38;2;205;214;228;48;2;17;22;30m                                      [0;38;2;45;55;72;48;2;17;22;30m│[0m
[0;38;2;96;130;200;48;2;17;22;30m│[0;38;2;205;214;228;48;2;17;22;30m                                                                                                  [0;38;2;96;130;200;48;2;17;22;30m│[0;38;2;45;55;72;48;2;17;22;30m│[0;38;2;205;214;228;48;2;17;22;30m                                      [0;38;2;45;55;72;48;2;17;22;30m│[0m
[0;38;2;96;130;200;48;2;17;22;30m│[0;38;2;205;214;228;48;2;17;22;30m                                                                                                  [0;38;2;96;130;200;48;2;17;22;30m│[0;38;2;45;55;72;48;2;17;22;30m│[0;38;2;205;214;228;48;2;17;22;30m                                      [0;38;2;45;55;72;48;2;17;22;30m│[0m
[0;38;2;96;130;200;48;2;17;22;30m│[0;38;2;205;214;228;48;2;17;22;30m                                                                                                  [0;38;2;96;130;200;48;2;17;22;30m│[0;38;2;45;55;72;48;2;17;22;30m│[0;38;2;205;214;228;48;2;17;22;30m                                      [0;38;2;45;55;72;48;2;17;22;30m│[0m
[0;38;2;96;130;200;48;2;17;22;30m│[0;38;2;205;214;228;48;2;17;22;30m                                                                                                  [0;38;2;96;130;200;48;2;17;22;30m│[0;38;2;45;55;72;48;2;17;22;30m│[0;38;2;205;214;228;48;2;17;22;30m                                      [0;38;2;45;55;72;48;2;17;22;30m│[0m
[0;38;2;96;130;200;48;2;17;22;30m│[0;38;2;205;214;228;48;2;17;22;30m                                                                                                  [0;38;2;96;130;200;48;2;17;22;30m│[0;38;2;45;55;72;48;2;17;22;30m│[0;38;2;205;214;228;48;2;17;22;30m                                      [0;38;2;45;55;72;48;2;17;22;30m│[0m
[0;38;2;96;130;200;48;2;17;22;30m│[0;38;2;205;214;228;48;2;17;22;30m                                                                                                  [0;38;2;96;130;200;48;2;17;22;30m│[0;38;2;45;55;72;48;2;17;22;30m│[0;38;2;205;214;228;48;2;17;22;30m                                      [0;38;2;45;55;72;48;2;17;22;30m│[0m
[0;38;2;96;130;200;48;2;17;22;30m│[0;38;2;205;214;228;48;2;17;22;30m                                                                                                  [0;38;2;96;130;200;48;2;17;22;30m│[0;38;2;45;55;72;48;2;17;22;30m│[0;38;2;205;214;228;48;2;17;22;30m                                      [0;38;2;45;55;72;48;2;17;22;30m│[0m
[0;38;2;96;130;200;48;2;17;22;30m│[0;38;2;205;214;228;48;2;17;22;30m                                                                                                  [0;38;2;96;130;200;48;2;17;22;30m│[0;38;2;45;55;72;48;2;17;22;30m│[0;38;2;205;214;228;48;2;17;22;30m                                      [0;38;2;45;55;72;48;2;17;22;30m│[0m
[0;38;2;96;130;200;48;2;17;22;30m│[0;38;2;205;214;228;48;2;17;22;30m                                                                                                  [0;38;2;96;130;200;48;2;17;22;30m│[0;38;2;45;55;72;48;2;17;22;30m│[0;38;2;205;214;228;48;2;17;22;30m                                      [0;38;2;45;55;72;48;2;17;22;30m│[0m
[0;38;2;96;130;200;48;2;17;22;30m│[0;38;2;205;214;228;48;2;17;22;30m                                                                                                  [0;38;2;96;130;200;48;2;17;22;30m│[0;38;2;45;55;72;48;2;17;22;30m│[0;38;2;205;214;228;48;2;17;22;30m                                      [0;38;2;45;55;72;48;2;17;22;30m│[0m
[0;38;2;96;130;200;48;2;17;22;30m│[0;38;2;205;214;228;48;2;17;22;30m                                                                                                  [0;38;2;96;130;200;48;2;17;22;30m│[0;38;2;45;55;72;48;2;17;22;30m│[0;38;2;205;214;228;48;2;17;22;30m                                      [0;38;2;45;55;72;48;2;17;22;30m│[0m
[0;38;2;96;130;200;48;2;17;22;30m│[0;38;2;205;214;228;48;2;17;22;30m                                                                                                  [0;38;2;96;130;200;48;2;17;22;30m│[0;38;2;45;55;72;48;2;17;22;30m│[0;38;2;205;214;228;48;2;17;22;30m                                      [0;38;2;45;55;72;48;2;17;22;30m│[0m
[0;38;2;96;130;200;48;2;17;22;30m│[0;38;2;205;214;228;48;2;17;22;30m                                                                                                  [0;38;2;96;130;200;48;2;17;22;30m│[0;38;2;45;55;72;48;2;17;22;30m│[0;38;2;205;214;228;48;2;17;22;30m                                      [0;38;2;45;55;72;48;2;17;22;30m│[0m
[0;38;2;96;130;200;48;2;17;22;30m│[0;38;2;205;214;228;48;2;17;22;30m                                                                                                  [0;38;2;96;130;200;48;2;17;22;30m│[0;38;2;45;55;72;48;2;17;22;30m│[0;38;2;205;214;228;48;2;17;22;30m                                      [0;38;2;45;55;72;48;2;17;22;30m│[0m
[0;38;2;96;130;200;48;2;17;22;30m│[0;38;2;205;214;228;48;2;17;22;30m                                                                                                  [0;38;2;96;130;200;48;2;17;22;30m│[0;38;2;45;55;72;48;2;17;22;30m│[0;38;2;205;214;228;48;2;17;22;30m                                      [0;38;2;45;55;72;48;2;17;22;30m│[0m
[0;38;2;96;130;200;48;2;17;22;30m│[0;38;2;205;214;228;48;2;17;22;30m                                                                                                  [0;38;2;96;130;200;48;2;17;22;30m│[0;38;2;45;55;72;48;2;17;22;30m│[0;38;2;205;214;228;48;2;17;22;30m                                      [0;38;2;45;55;72;48;2;17;22;30m│[0m
[0;38;2;96;130;200;48;2;17;22;30m│[0;38;2;205;214;228;48;2;17;22;30m                                                                                                  [0;38;2;96;130;200;48;2;17;22;30m│[0;38;2;45;55;72;48;2;17;22;30m│[0;38;2;205;214;228;48;2;17;22;30m                                      [0;38;2;45;55;72;48;2;17;22;30m│[0m
[0;38;2;96;130;200;48;2;17;22;30m╰──────────────────────────────────────────────────────────────────────────────────────────────────╯[0;38;2;45;55;72;48;2;17;22;30m╰──────────────────────────────────────╯[0m
[0;38;2;13;17;23;48;2;122;162;247;1m NORMAL [0;38;2;205;214;228;48;2;22;28;38m   3/11[0;38;2;70;80;98;48;2;22;28;38m  depth 1[0;38;2;205;214;228;48;2;22;28;38m                                                                                                                    [0m
[0;38;2;115;218;202;48;2;13;17;23;1m j/k [0;38;2;108;122;143;48;2;13;17;23mblocks  [0;38;2;115;218;202;48;2;13;17;23;1m ⏎ / i [0;38;2;108;122;143;48;2;13;17;23medit this block  [0;38;2;115;218;202;48;2;13;17;23;1m o [0;38;2;108;122;143;48;2;13;17;23mnew block  [0;38;2;115;218;202;48;2;13;17;23;1m h/l [0;38;2;108;122;143;48;2;13;17;23mparent / children  [0;38;2;115;218;202;48;2;13;17;23;1m za [0;38;2;108;122;143;48;2;13;17;23mfold  [0;38;2;115;218;202;48;2;13;17;23;1m Ctrl-P [0;38;2;108;122;143;48;2;13;17;23mFind any page  [0;38;2;115;218;202;48;2;13;17;23;1m [ ] [0;38;2;108;122;143;48;2;13;17;23mprev / next day  [0;38;2;115;218;202;48;2;13;17;23;1m / [0;38;2;108;122;143;48;2;13;17;23msearch [0m
