[0;38;2;13;17;23;48;2;115;218;202;1m blok [0;38;2;205;214;228;48;2;13;17;23m  [0;38;2;122;162;247;48;2;13;17;23;1mTODO board[0;38;2;205;214;228;48;2;13;17;23m                                                                             [0;38;2;108;122;143;48;2;13;17;23m37 blocks · 12 pages · 11 refs [0;38;2;13;17;23;48;2;230;195;110;1m local [0;38;2;70;80;98;48;2;13;17;23m 09:41 [0m
[0;38;2;96;130;200;48;2;17;22;30m╭[0;38;2;122;162;247;48;2;17;22;30;1m TODO [0;38;2;230;195;110;48;2;17;22;30;1m 3 [0;38;2;96;130;200;48;2;17;22;30m─────────────────────────────────────╮[0;38;2;45;55;72;48;2;17;22;30m╭[0;38;2;70;80;98;48;2;17;22;30;1m DOING [0;38;2;122;162;247;48;2;17;22;30;1m 2 [0;38;2;45;55;72;48;2;17;22;30m──────────────────────────────────╮╭[0;38;2;70;80;98;48;2;17;22;30;1m DONE [0;38;2;126;231;135;48;2;17;22;30;1m 1 [0;38;2;45;55;72;48;2;17;22;30m───────────────────────────────────╮[0m
[0;38;2;96;130;200;48;2;17;22;30m│[0;38;2;122;162;247;48;2;35;46;66m▌[0;38;2;230;195;110;48;2;35;46;66m• [0;38;2;70;80;98;48;2;35;46;66mProject…[0;38;2;205;214;228;48;2;35;46;66mTODO Single-file export + import…[0;38;2;205;214;228;48;2;17;22;30m  [0;38;2;96;130;200;48;2;17;22;30m│[0;38;2;45;55;72;48;2;17;22;30m│[0;38;2;122;162;247;48;2;17;22;30m • [0;38;2;70;80;98;48;2;17;22;30mProject…[0;38;2;205;214;228;48;2;17;22;30mDOING Snapshot uploader (rclon…  [0;38;2;45;55;72;48;2;17;22;30m││[0;38;2;122;162;247;48;2;17;22;30m [0;38;2;126;231;135;48;2;17;22;30m• [0;38;2;70;80;98;48;2;17;22;30mProject…[0;38;2;205;214;228;48;2;17;22;30mDONE Conflict model: last-writ…  [0;38;2;45;55;72;48;2;17;22;30m│[0m
[0;38;2;96;130;200;48;2;17;22;30m│[0;38;2;122;162;247;48;2;17;22;30m [0;38;2;230;195;110;48;2;17;22;30m• [0;38;2;70;80;98;48;2;17;22;30mblok TUI[0;38;2;205;214;228;48;2;17;22;30mTODO Decide whether the TUI shou…  [0;38;2;96;130;200;48;2;17;22;30m│[0;38;2;45;55;72;48;2;17;22;30m│[0;38;2;122;162;247;48;2;17;22;30m • [0;38;2;70;80;98;48;2;17;22;30mToday   [0;38;2;205;214;228;48;2;17;22;30mDOING Write up the sync story …  [0;38;2;45;55;72;48;2;17;22;30m││[0;38;2;205;214;228;48;2;17;22;30m                                            [0;38;2;45;55;72;48;2;17;22;30m│[0m
[0;38;2;96;130;200;48;2;17;22;30m│[0;38;2;122;162;247;48;2;17;22;30m [0;38;2;230;195;110;48;2;17;22;30m• [0;38;2;70;80;98;48;2;17;22;30mToday   [0;38;2;205;214;228;48;2;17;22;30mTODO Ask Dana whether the trial …  [0;38;2;96;130;200;48;2;17;22;30m│[0;38;2;45;55;72;48;2;17;22;30m│[0;38;2;205;214;228;48;2;17;22;30m                                            [0;38;2;45;55;72;48;2;17;22;30m││[0;38;2;70;80;98;48;2;17;22;30mquery: {:status "done"}[0;38;2;205;214;228;48;2;17;22;30m                     [0;38;2;45;55;72;48;2;17;22;30m│[0m
[0;38;2;96;130;200;48;2;17;22;30m│[0;38;2;205;214;228;48;2;17;22;30m                                              [0;38;2;96;130;200;48;2;17;22;30m│[0;38;2;45;55;72;48;2;17;22;30m│[0;38;2;70;80;98;48;2;17;22;30mquery: {:status "doing"}[0;38;2;205;214;228;48;2;17;22;30m                    [0;38;2;45;55;72;48;2;17;22;30m││[0;38;2;205;214;228;48;2;17;22;30m                                            [0;38;2;45;55;72;48;2;17;22;30m│[0m
[0;38;2;96;130;200;48;2;17;22;30m│[0;38;2;70;80;98;48;2;17;22;30mquery: {:status "todo"}[0;38;2;205;214;228;48;2;17;22;30m                       [0;38;2;96;130;200;48;2;17;22;30m│[0;38;2;45;55;72;48;2;17;22;30m│[0;38;2;205;214;228;48;2;17;22;30m                                            [0;38;2;45;55;72;48;2;17;22;30m││[0;38;2;205;214;228;48;2;17;22;30m                                            [0;38;2;45;55;72;48;2;17;22;30m│[0m
[0;38;2;96;130;200;48;2;17;22;30m│[0;38;2;205;214;228;48;2;17;22;30m                                              [0;38;2;96;130;200;48;2;17;22;30m│[0;38;2;45;55;72;48;2;17;22;30m│[0;38;2;205;214;228;48;2;17;22;30m                                            [0;38;2;45;55;72;48;2;17;22;30m││[0;38;2;205;214;228;48;2;17;22;30m                                            [0;38;2;45;55;72;48;2;17;22;30m│[0m
[0;38;2;96;130;200;48;2;17;22;30m│[0;38;2;205;214;228;48;2;17;22;30m                                              [0;38;2;96;130;200;48;2;17;22;30m│[0;38;2;45;55;72;48;2;17;22;30m│[0;38;2;205;214;228;48;2;17;22;30m                                            [0;38;2;45;55;72;48;2;17;22;30m││[0;38;2;205;214;228;48;2;17;22;30m                                            [0;38;2;45;55;72;48;2;17;22;30m│[0m
[0;38;2;96;130;200;48;2;17;22;30m│[0;38;2;205;214;228;48;2;17;22;30m                                              [0;38;2;96;130;200;48;2;17;22;30m│[0;38;2;45;55;72;48;2;17;22;30m│[0;38;2;205;214;228;48;2;17;22;30m                                            [0;38;2;45;55;72;48;2;17;22;30m││[0;38;2;205;214;228;48;2;17;22;30m                                            [0;38;2;45;55;72;48;2;17;22;30m│[0m
[0;38;2;96;130;200;48;2;17;22;30m│[0;38;2;205;214;228;48;2;17;22;30m                                              [0;38;2;96;130;200;48;2;17;22;30m│[0;38;2;45;55;72;48;2;17;22;30m│[0;38;2;205;214;228;48;2;17;22;30m                                            [0;38;2;45;55;72;48;2;17;22;30m││[0;38;2;205;214;228;48;2;17;22;30m                                            [0;38;2;45;55;72;48;2;17;22;30m│[0m
[0;38;2;96;130;200;48;2;17;22;30m│[0;38;2;205;214;228;48;2;17;22;30m                                              [0;38;2;96;130;200;48;2;17;22;30m│[0;38;2;45;55;72;48;2;17;22;30m│[0;38;2;205;214;228;48;2;17;22;30m                                            [0;38;2;45;55;72;48;2;17;22;30m││[0;38;2;205;214;228;48;2;17;22;30m                                            [0;38;2;45;55;72;48;2;17;22;30m│[0m
[0;38;2;96;130;200;48;2;17;22;30m│[0;38;2;205;214;228;48;2;17;22;30m                                              [0;38;2;96;130;200;48;2;17;22;30m│[0;38;2;45;55;72;48;2;17;22;30m│[0;38;2;205;214;228;48;2;17;22;30m                                            [0;38;2;45;55;72;48;2;17;22;30m││[0;38;2;205;214;228;48;2;17;22;30m                                            [0;38;2;45;55;72;48;2;17;22;30m│[0m
[0;38;2;96;130;200;48;2;17;22;30m│[0;38;2;205;214;228;48;2;17;22;30m                                              [0;38;2;96;130;200;48;2;17;22;30m│[0;38;2;45;55;72;48;2;17;22;30m│[0;38;2;205;214;228;48;2;17;22;30m                                            [0;38;2;45;55;72;48;2;17;22;30m││[0;38;2;205;214;228;48;2;17;22;30m                                            [0;38;2;45;55;72;48;2;17;22;30m│[0m
[0;38;2;96;130;200;48;2;17;22;30m│[0;38;2;205;214;228;48;2;17;22;30m                                              [0;38;2;96;130;200;48;2;17;22;30m│[0;38;2;45;55;72;48;2;17;22;30m│[0;38;2;205;214;228;48;2;17;22;30m                                            [0;38;2;45;55;72;48;2;17;22;30m││[0;38;2;205;214;228;48;2;17;22;30m                                            [0;38;2;45;55;72;48;2;17;22;30m│[0m
[0;38;2;96;130;200;48;2;17;22;30m│[0;38;2;205;214;228;48;2;17;22;30m                                              [0;38;2;96;130;200;48;2;17;22;30m│[0;38;2;45;55;72;48;2;17;22;30m│[0;38;2;205;214;228;48;2;17;22;30m                                            [0;38;2;45;55;72;48;2;17;22;30m││[0;38;2;205;214;228;48;2;17;22;30m                                            [0;38;2;45;55;72;48;2;17;22;30m│[0m
[0;38;2;96;130;200;48;2;17;22;30m│[0;38;2;205;214;228;48;2;17;22;30m                                              [0;38;2;96;130;200;48;2;17;22;30m│[0;38;2;45;55;72;48;2;17;22;30m│[0;38;2;205;214;228;48;2;17;22;30m                                            [0;38;2;45;55;72;48;2;17;22;30m││[0;38;2;205;214;228;48;2;17;22;30m                                            [0;38;2;45;55;72;48;2;17;22;30m│[0m
[0;38;2;96;130;200;48;2;17;22;30m│[0;38;2;205;214;228;48;2;17;22;30m                                              [0;38;2;96;130;200;48;2;17;22;30m│[0;38;2;45;55;72;48;2;17;22;30m│[0;38;2;205;214;228;48;2;17;22;30m                                            [0;38;2;45;55;72;48;2;17;22;30m││[0;38;2;205;214;228;48;2;17;22;30m                                            [0;38;2;45;55;72;48;2;17;22;30m│[0m
[0;38;2;96;130;200;48;2;17;22;30m│[0;38;2;205;214;228;48;2;17;22;30m                                              [0;38;2;96;130;200;48;2;17;22;30m│[0;38;2;45;55;72;48;2;17;22;30m│[0;38;2;205;214;228;48;2;17;22;30m                                            [0;38;2;45;55;72;48;2;17;22;30m││[0;38;2;205;214;228;48;2;17;22;30m                                            [0;38;2;45;55;72;48;2;17;22;30m│[0m
[0;38;2;96;130;200;48;2;17;22;30m│[0;38;2;205;214;228;48;2;17;22;30m                                              [0;38;2;96;130;200;48;2;17;22;30m│[0;38;2;45;55;72;48;2;17;22;30m│[0;38;2;205;214;228;48;2;17;22;30m                                            [0;38;2;45;55;72;48;2;17;22;30m││[0;38;2;205;214;228;48;2;17;22;30m                                            [0;38;2;45;55;72;48;2;17;22;30m│[0m
[0;38;2;96;130;200;48;2;17;22;30m│[0;38;2;205;214;228;48;2;17;22;30m                                              [0;38;2;96;130;200;48;2;17;22;30m│[0;38;2;45;55;72;48;2;17;22;30m│[0;38;2;205;214;228;48;2;17;22;30m                                            [0;38;2;45;55;72;48;2;17;22;30m││[0;38;2;205;214;228;48;2;17;22;30m                                            [0;38;2;45;55;72;48;2;17;22;30m│[0m
[0;38;2;96;130;200;48;2;17;22;30m│[0;38;2;205;214;228;48;2;17;22;30m                                              [0;38;2;96;130;200;48;2;17;22;30m│[0;38;2;45;55;72;48;2;17;22;30m│[0;38;2;205;214;228;48;2;17;22;30m                                            [0;38;2;45;55;72;48;2;17;22;30m││[0;38;2;205;214;228;48;2;17;22;30m                                            [0;38;2;45;55;72;48;2;17;22;30m│[0m
[0;38;2;96;130;200;48;2;17;22;30m│[0;38;2;205;214;228;48;2;17;22;30m                                              [0;38;2;96;130;200;48;2;17;22;30m│[0;38;2;45;55;72;48;2;17;22;30m│[0;38;2;205;214;228;48;2;17;22;30m                                            [0;38;2;45;55;72;48;2;17;22;30m││[0;38;2;205;214;228;48;2;17;22;30m                                            [0;38;2;45;55;72;48;2;17;22;30m│[0m
[0;38;2;96;130;200;48;2;17;22;30m│[0;38;2;205;214;228;48;2;17;22;30m                                              [0;38;2;96;130;200;48;2;17;22;30m│[0;38;2;45;55;72;48;2;17;22;30m│[0;38;2;205;214;228;48;2;17;22;30m                                            [0;38;2;45;55;72;48;2;17;22;30m││[0;38;2;205;214;228;48;2;17;22;30m                                            [0;38;2;45;55;72;48;2;17;22;30m│[0m
[0;38;2;96;130;200;48;2;17;22;30m│[0;38;2;205;214;228;48;2;17;22;30m                                              [0;38;2;96;130;200;48;2;17;22;30m│[0;38;2;45;55;72;48;2;17;22;30m│[0;38;2;205;214;228;48;2;17;22;30m                                            [0;38;2;45;55;72;48;2;17;22;30m││[0;38;2;205;214;228;48;2;17;22;30m                                            [0;38;2;45;55;72;48;2;17;22;30m│[0m
[0;38;2;96;130;200;48;2;17;22;30m│[0;38;2;205;214;228;48;2;17;22;30m                                              [0;38;2;96;130;200;48;2;17;22;30m│[0;38;2;45;55;72;48;2;17;22;30m│[0;38;2;205;214;228;48;2;17;22;30m                                            [0;38;2;45;55;72;48;2;17;22;30m││[0;38;2;205;214;228;48;2;17;22;30m                                            [0;38;2;45;55;72;48;2;17;22;30m│[0m
[0;38;2;96;130;200;48;2;17;22;30m│[0;38;2;205;214;228;48;2;17;22;30m                                              [0;38;2;96;130;200;48;2;17;22;30m│[0;38;2;45;55;72;48;2;17;22;30m│[0;38;2;205;214;228;48;2;17;22;30m                                            [0;38;2;45;55;72;48;2;17;22;30m││[0;38;2;205;214;228;48;2;17;22;30m                                            [0;38;2;45;55;72;48;2;17;22;30m│[0m
[0;38;2;96;130;200;48;2;17;22;30m│[0;38;2;205;214;228;48;2;17;22;30m                                              [0;38;2;96;130;200;48;2;17;22;30m│[0;38;2;45;55;72;48;2;17;22;30m│[0;38;2;205;214;228;48;2;17;22;30m                                            [0;38;2;45;55;72;48;2;17;22;30m││[0;38;2;205;214;228;48;2;17;22;30m                                            [0;38;2;45;55;72;48;2;17;22;30m│[0m
[0;38;2;96;130;200;48;2;17;22;30m│[0;38;2;205;214;228;48;2;17;22;30m                                              [0;38;2;96;130;200;48;2;17;22;30m│[0;38;2;45;55;72;48;2;17;22;30m│[0;38;2;205;214;228;48;2;17;22;30m                                            [0;38;2;45;55;72;48;2;17;22;30m││[0;38;2;205;214;228;48;2;17;22;30m                                            [0;38;2;45;55;72;48;2;17;22;30m│[0m
[0;38;2;96;130;200;48;2;17;22;30m│[0;38;2;205;214;228;48;2;17;22;30m                                              [0;38;2;96;130;200;48;2;17;22;30m│[0;38;2;45;55;72;48;2;17;22;30m│[0;38;2;205;214;228;48;2;17;22;30m                                            [0;38;2;45;55;72;48;2;17;22;30m││[0;38;2;205;214;228;48;2;17;22;30m                                            [0;38;2;45;55;72;48;2;17;22;30m│[0m
[0;38;2;96;130;200;48;2;17;22;30m│[0;38;2;205;214;228;48;2;17;22;30m                                              [0;38;2;96;130;200;48;2;17;22;30m│[0;38;2;45;55;72;48;2;17;22;30m│[0;38;2;205;214;228;48;2;17;22;30m                                            [0;38;2;45;55;72;48;2;17;22;30m││[0;38;2;205;214;228;48;2;17;22;30m                                            [0;38;2;45;55;72;48;2;17;22;30m│[0m
[0;38;2;96;130;200;48;2;17;22;30m│[0;38;2;205;214;228;48;2;17;22;30m                                              [0;38;2;96;130;200;48;2;17;22;30m│[0;38;2;45;55;72;48;2;17;22;30m│[0;38;2;205;214;228;48;2;17;22;30m                                            [0;38;2;45;55;72;48;2;17;22;30m││[0;38;2;205;214;228;48;2;17;22;30m                                            [0;38;2;45;55;72;48;2;17;22;30m│[0m
[0;38;2;96;130;200;48;2;17;22;30m│[0;38;2;205;214;228;48;2;17;22;30m                                              [0;38;2;96;130;200;48;2;17;22;30m│[0;38;2;45;55;72;48;2;17;22;30m│[0;38;2;205;214;228;48;2;17;22;30m                                            [0;38;2;45;55;72;48;2;17;22;30m││[0;38;2;205;214;228;48;2;17;22;30m                                            [0;38;2;45;55;72;48;2;17;22;30m│[0m
[0;38;2;96;130;200;48;2;17;22;30m│[0;38;2;205;214;228;48;2;17;22;30m                                              [0;38;2;96;130;200;48;2;17;22;30m│[0;38;2;45;55;72;48;2;17;22;30m│[0;38;2;205;214;228;48;2;17;22;30m                                            [0;38;2;45;55;72;48;2;17;22;30m││[0;38;2;205;214;228;48;2;17;22;30m                                            [0;38;2;45;55;72;48;2;17;22;30m│[0m
[0;38;2;96;130;200;48;2;17;22;30m│[0;38;2;205;214;228;48;2;17;22;30m                                              [0;38;2;96;130;200;48;2;17;22;30m│[0;38;2;45;55;72;48;2;17;22;30m│[0;38;2;205;214;228;48;2;17;22;30m                                            [0;38;2;45;55;72;48;2;17;22;30m││[0;38;2;205;214;228;48;2;17;22;30m                                            [0;38;2;45;55;72;48;2;17;22;30m│[0m
[0;38;2;96;130;200;48;2;17;22;30m│[0;38;2;205;214;228;48;2;17;22;30m                                              [0;38;2;96;130;200;48;2;17;22;30m│[0;38;2;45;55;72;48;2;17;22;30m│[0;38;2;205;214;228;48;2;17;22;30m                                            [0;38;2;45;55;72;48;2;17;22;30m││[0;38;2;205;214;228;48;2;17;22;30m                                            [0;38;2;45;55;72;48;2;17;22;30m│[0m
[0;38;2;96;130;200;48;2;17;22;30m│[0;38;2;205;214;228;48;2;17;22;30m                                              [0;38;2;96;130;200;48;2;17;22;30m│[0;38;2;45;55;72;48;2;17;22;30m│[0;38;2;205;214;228;48;2;17;22;30m                                            [0;38;2;45;55;72;48;2;17;22;30m││[0;38;2;205;214;228;48;2;17;22;30m                                            [0;38;2;45;55;72;48;2;17;22;30m│[0m
[0;38;2;96;130;200;48;2;17;22;30m│[0;38;2;205;214;228;48;2;17;22;30m                                              [0;38;2;96;130;200;48;2;17;22;30m│[0;38;2;45;55;72;48;2;17;22;30m│[0;38;2;205;214;228;48;2;17;22;30m                                            [0;38;2;45;55;72;48;2;17;22;30m││[0;38;2;205;214;228;48;2;17;22;30m                                            [0;38;2;45;55;72;48;2;17;22;30m│[0m
[0;38;2;96;130;200;48;2;17;22;30m│[0;38;2;205;214;228;48;2;17;22;30m                                              [0;38;2;96;130;200;48;2;17;22;30m│[0;38;2;45;55;72;48;2;17;22;30m│[0;38;2;205;214;228;48;2;17;22;30m                                            [0;38;2;45;55;72;48;2;17;22;30m││[0;38;2;205;214;228;48;2;17;22;30m                                            [0;38;2;45;55;72;48;2;17;22;30m│[0m
[0;38;2;96;130;200;48;2;17;22;30m╰──────────────────────────────────────────────╯[0;38;2;45;55;72;48;2;17;22;30m╰────────────────────────────────────────────╯╰────────────────────────────────────────────╯[0m
[0;38;2;13;17;23;48;2;122;162;247;1m NORMAL [0;38;2;205;214;228;48;2;22;28;38m blocks[0;38;2;70;80;98;48;2;22;28;38m  ·  [0;38;2;108;122;143;48;2;22;28;38m3 columns · live query[0;38;2;70;80;98;48;2;22;28;38m  ·  block #21[0;38;2;205;214;228;48;2;22;28;38m                                                             [0;38;2;13;17;23;48;2;70;80;98;1m no snapshot yet — :w [0;38;2;205;214;228;48;2;22;28;38m [0m
[0;38;2;115;218;202;48;2;13;17;23;1m j/k [0;38;2;108;122;143;48;2;13;17;23mrows  [0;38;2;115;218;202;48;2;13;17;23;1m ⏎ [0;38;2;108;122;143;48;2;13;17;23mjump to block  [0;38;2;115;218;202;48;2;13;17;23;1m Esc [0;38;2;108;122;143;48;2;13;17;23mback                                                                                                      [0m
