[0;38;2;205;214;228;48;2;13;17;23m                                                                                                                                            [0m
[0;38;2;205;214;228;48;2;13;17;23m                                                                                                                                            [0m
[0;38;2;205;214;228;48;2;13;17;23m                                                                                                                                            [0m
[0;38;2;205;214;228;48;2;13;17;23m                                                                                                                                            [0m
[0;38;2;205;214;228;48;2;13;17;23m                                                                                                                                            [0m
[0;38;2;205;214;228;48;2;13;17;23m                                                                                                                                            [0m
[0;38;2;205;214;228;48;2;13;17;23m                                                                                                                                            [0m
[0;38;2;205;214;228;48;2;13;17;23m                                                                                                                                            [0m
[0;38;2;205;214;228;48;2;13;17;23m                                                                                                                                            [0m
[0;38;2;205;214;228;48;2;13;17;23m                                                                                                                                            [0m
[0;38;2;205;214;228;48;2;13;17;23m                                                                                                                                            [0m
[0;38;2;205;214;228;48;2;13;17;23m                                                                                                                                            [0m
[0;38;2;205;214;228;48;2;13;17;23m                                                                                                                                            [0m
[0;38;2;205;214;228;48;2;13;17;23m                                                                                                                                            [0m
[0;38;2;205;214;228;48;2;13;17;23m                                                                                                                                            [0m
[0;38;2;205;214;228;48;2;13;17;23m                                                                                                                                            [0m
[0;38;2;205;214;228;48;2;13;17;23m                                                                                                                                            [0m
[0;38;2;205;214;228;48;2;13;17;23m                                                                                                                                            [0m
[0;38;2;205;214;228;48;2;13;17;23m                                                                                                                                            [0m
[0;38;2;205;214;228;48;2;13;17;23m                                                                                                                                            [0m
[0;38;2;205;214;228;48;2;13;17;23m                                                                                                                                            [0m
[0;38;2;205;214;228;48;2;13;17;23m                                                                                                                                            [0m
[0;38;2;205;214;228;48;2;13;17;23m                                                                                                                                            [0m
[0;38;2;205;214;228;48;2;13;17;23m                                                                                                                                            [0m
[0;38;2;205;214;228;48;2;13;17;23m                                                                                                                                            [0m
[0;38;2;205;214;228;48;2;13;17;23m                                                                                                                                            [0m
[0;38;2;205;214;228;48;2;13;17;23m                                                                                                                                            [0m
[0;38;2;205;214;228;48;2;13;17;23m                                                                                                                                            [0m
[0;38;2;205;214;228;48;2;13;17;23m                                                                                                                                            [0m
[0;38;2;205;214;228;48;2;13;17;23m                                                                                                                                            [0m
[0;38;2;205;214;228;48;2;13;17;23m                                                                                                                                            [0m
[0;38;2;205;214;228;48;2;13;17;23m                                                                                                                                            [0m
[0;38;2;205;214;228;48;2;13;17;23m                                                                                                                                            [0m
[0;38;2;205;214;228;48;2;13;17;23m                                                                                                                                            [0m
[0;38;2;205;214;228;48;2;13;17;23m                                                                                                                                            [0m
[0;38;2;205;214;228;48;2;13;17;23m                                                                                                                                            [0m
[0;38;2;205;214;228;48;2;13;17;23m                                                                                                                                            [0m
[0;38;2;205;214;228;48;2;13;17;23m                                                                                                                                            [0m
[0;38;2;205;214;228;48;2;13;17;23m                                                                                                                                            [0m
[0;38;2;13;17;23;48;2;126;231;135;1m ✓ [0;38;2;205;214;228;48;2;22;28;38;1m snapshot → dropbox:Apps/blok [0;38;2;70;80;98;48;2;22;28;38m  VACUUM INTO, then rclone copy --checksum [0;38;2;205;214;228;48;2;22;28;38m                                                                [0m
[0;38;2;13;17;23;48;2;122;162;247;1m NORMAL [0;38;2;205;214;228;48;2;22;28;38m [0;38;2;108;122;143;48;2;22;28;38mok · 108.0 KB[0;38;2;205;214;228;48;2;22;28;38m                                                                                                                      [0m
[0;38;2;115;218;202;48;2;13;17;23;1m Ctrl-S [0;38;2;108;122;143;48;2;13;17;23msnapshot  [0;38;2;115;218;202;48;2;13;17;23;1m :sql [0;38;2;108;122;143;48;2;13;17;23mconsole  [0;38;2;115;218;202;48;2;13;17;23;1m Esc [0;38;2;108;122;143;48;2;13;17;23mback                                                                                                  [0m
