[0;38;2;96;130;200;48;2;17;22;30m╭[0;38;2;122;162;247;48;2;17;22;30;1m SQL CONSOLE [0;38;2;108;122;143;48;2;17;22;30;1m read-only · SELECT, PRAGMA, EXPLAIN, WITH [0;38;2;96;130;200;48;2;17;22;30m──────────────────────────────────────────────────────────────────────────────────╮[0m
[0;38;2;96;130;200;48;2;17;22;30m│[0;38;2;126;231;135;48;2;17;22;30;1msqlite> [0;38;2;255;213;128;48;2;17;22;30m▏[0;38;2;205;214;228;48;2;17;22;30m                                                                                                                                 [0;38;2;96;130;200;48;2;17;22;30m│[0m
[0;38;2;96;130;200;48;2;17;22;30m╰──────────────────────────────────────────────────────────────────────────────────────────────────────────────────────────────────────────╯[0m
[0;38;2;45;55;72;48;2;17;22;30m╭[0;38;2;70;80;98;48;2;17;22;30;1m RESULT [0;38;2;45;55;72;48;2;17;22;30m──────────────────────────────────────────────────────────────────────────────────────────────────────────────────────────────────╮[0m
[0;38;2;45;55;72;48;2;17;22;30m│[0;38;2;70;80;98;48;2;17;22;30m  The engine stays off the screen until something is wrong.[0;38;2;205;214;228;48;2;17;22;30m                                                                               [0;38;2;45;55;72;48;2;17;22;30m│[0m
[0;38;2;45;55;72;48;2;17;22;30m│[0;38;2;205;214;228;48;2;17;22;30m                                                                                                                                          [0;38;2;45;55;72;48;2;17;22;30m│[0m
[0;38;2;45;55;72;48;2;17;22;30m│[0;38;2;115;218;202;48;2;13;17;23;1m  .tables                                       [0;38;2;108;122;143;48;2;17;22;30mtables and views, with row counts[0;38;2;205;214;228;48;2;17;22;30m                                                         [0;38;2;45;55;72;48;2;17;22;30m│[0m
[0;38;2;45;55;72;48;2;17;22;30m│[0;38;2;115;218;202;48;2;13;17;23;1m  .schema blocks                                [0;38;2;108;122;143;48;2;17;22;30mthe DDL for a table[0;38;2;205;214;228;48;2;17;22;30m                                                                       [0;38;2;45;55;72;48;2;17;22;30m│[0m
[0;38;2;45;55;72;48;2;17;22;30m│[0;38;2;115;218;202;48;2;13;17;23;1m  SELECT * FROM blocks LIMIT 20                 [0;38;2;108;122;143;48;2;17;22;30mwhat actually got stored[0;38;2;205;214;228;48;2;17;22;30m                                                                  [0;38;2;45;55;72;48;2;17;22;30m│[0m
[0;38;2;45;55;72;48;2;17;22;30m│[0;38;2;115;218;202;48;2;13;17;23;1m  PRAGMA integrity_check                        [0;38;2;108;122;143;48;2;17;22;30mis the file sound[0;38;2;205;214;228;48;2;17;22;30m                                                                         [0;38;2;45;55;72;48;2;17;22;30m│[0m
[0;38;2;45;55;72;48;2;17;22;30m│[0;38;2;115;218;202;48;2;13;17;23;1m  PRAGMA journal_mode                           [0;38;2;108;122;143;48;2;17;22;30mwal, and the pragmas in force[0;38;2;205;214;228;48;2;17;22;30m                                                             [0;38;2;45;55;72;48;2;17;22;30m│[0m
[0;38;2;45;55;72;48;2;17;22;30m│[0;38;2;115;218;202;48;2;13;17;23;1m  SELECT * FROM backup_log ORDER BY id DESC     [0;38;2;108;122;143;48;2;17;22;30msnapshot history[0;38;2;205;214;228;48;2;17;22;30m                                                                          [0;38;2;45;55;72;48;2;17;22;30m│[0m
[0;38;2;45;55;72;48;2;17;22;30m│[0;38;2;115;218;202;48;2;13;17;23;1m  SELECT * FROM refs WHERE from_block = 42      [0;38;2;108;122;143;48;2;17;22;30mwhy a backlink is missing[0;38;2;205;214;228;48;2;17;22;30m                                                                 [0;38;2;45;55;72;48;2;17;22;30m│[0m
[0;38;2;45;55;72;48;2;17;22;30m│[0;38;2;115;218;202;48;2;13;17;23;1m  EXPLAIN QUERY PLAN SELECT ...                 [0;38;2;108;122;143;48;2;17;22;30mdid the index get used[0;38;2;205;214;228;48;2;17;22;30m                                                                    [0;38;2;45;55;72;48;2;17;22;30m│[0m
[0;38;2;45;55;72;48;2;17;22;30m│[0;38;2;205;214;228;48;2;17;22;30m                                                                                                                                          [0;38;2;45;55;72;48;2;17;22;30m│[0m
[0;38;2;45;55;72;48;2;17;22;30m│[0;38;2;205;214;228;48;2;17;22;30m                                                                                                                                          [0;38;2;45;55;72;48;2;17;22;30m│[0m
[0;38;2;45;55;72;48;2;17;22;30m│[0;38;2;205;214;228;48;2;17;22;30m                                                                                                                                          [0;38;2;45;55;72;48;2;17;22;30m│[0m
[0;38;2;45;55;72;48;2;17;22;30m│[0;38;2;205;214;228;48;2;17;22;30m                                                                                                                                          [0;38;2;45;55;72;48;2;17;22;30m│[0m
[0;38;2;45;55;72;48;2;17;22;30m│[0;38;2;205;214;228;48;2;17;22;30m                                                                                                                                          [0;38;2;45;55;72;48;2;17;22;30m│[0m
[0;38;2;45;55;72;48;2;17;22;30m│[0;38;2;205;214;228;48;2;17;22;30m                                                                                                                                          [0;38;2;45;55;72;48;2;17;22;30m│[0m
[0;38;2;45;55;72;48;2;17;22;30m│[0;38;2;205;214;228;48;2;17;22;30m                                                                                                                                          [0;38;2;45;55;72;48;2;17;22;30m│[0m
[0;38;2;45;55;72;48;2;17;22;30m│[0;38;2;205;214;228;48;2;17;22;30m                                                                                                                                          [0;38;2;45;55;72;48;2;17;22;30m│[0m
[0;38;2;45;55;72;48;2;17;22;30m│[0;38;2;205;214;228;48;2;17;22;30m                                                                                                                                          [0;38;2;45;55;72;48;2;17;22;30m│[0m
[0;38;2;45;55;72;48;2;17;22;30m│[0;38;2;205;214;228;48;2;17;22;30m                                                                                                                                          [0;38;2;45;55;72;48;2;17;22;30m│[0m
[0;38;2;45;55;72;48;2;17;22;30m│[0;38;2;205;214;228;48;2;17;22;30m                                                                                                                                          [0;38;2;45;55;72;48;2;17;22;30m│[0m
[0;38;2;45;55;72;48;2;17;22;30m│[0;38;2;205;214;228;48;2;17;22;30m                                                                                                                                          [0;38;2;45;55;72;48;2;17;22;30m│[0m
[0;38;2;45;55;72;48;2;17;22;30m│[0;38;2;205;214;228;48;2;17;22;30m                                                                                                                                          [0;38;2;45;55;72;48;2;17;22;30m│[0m
[0;38;2;45;55;72;48;2;17;22;30m│[0;38;2;205;214;228;48;2;17;22;30m                                                                                                                                          [0;38;2;45;55;72;48;2;17;22;30m│[0m
[0;38;2;45;55;72;48;2;17;22;30m│[0;38;2;205;214;228;48;2;17;22;30m                                                                                                                                          [0;38;2;45;55;72;48;2;17;22;30m│[0m
[0;38;2;45;55;72;48;2;17;22;30m│[0;38;2;205;214;228;48;2;17;22;30m                                                                                                                                          [0;38;2;45;55;72;48;2;17;22;30m│[0m
[0;38;2;45;55;72;48;2;17;22;30m│[0;38;2;205;214;228;48;2;17;22;30m                                                                                                                                          [0;38;2;45;55;72;48;2;17;22;30m│[0m
[0;38;2;45;55;72;48;2;17;22;30m│[0;38;2;205;214;228;48;2;17;22;30m                                                                                                                                          [0;38;2;45;55;72;48;2;17;22;30m│[0m
[0;38;2;45;55;72;48;2;17;22;30m│[0;38;2;205;214;228;48;2;17;22;30m                                                                                                                                          [0;38;2;45;55;72;48;2;17;22;30m│[0m
[0;38;2;45;55;72;48;2;17;22;30m│[0;38;2;205;214;228;48;2;17;22;30m                                                                                                                                          [0;38;2;45;55;72;48;2;17;22;30m│[0m
[0;38;2;45;55;72;48;2;17;22;30m│[0;38;2;205;214;228;48;2;17;22;30m                                                                                                                                          [0;38;2;45;55;72;48;2;17;22;30m│[0m
[0;38;2;45;55;72;48;2;17;22;30m│[0;38;2;205;214;228;48;2;17;22;30m                                                                                                                                          [0;38;2;45;55;72;48;2;17;22;30m│[0m
[0;38;2;45;55;72;48;2;17;22;30m│[0;38;2;205;214;228;48;2;17;22;30m                                                                                                                                          [0;38;2;45;55;72;48;2;17;22;30m│[0m
[0;38;2;45;55;72;48;2;17;22;30m│[0;38;2;205;214;228;48;2;17;22;30m                                                                                                                                          [0;38;2;45;55;72;48;2;17;22;30m│[0m
[0;38;2;45;55;72;48;2;17;22;30m│[0;38;2;205;214;228;48;2;17;22;30m                                                                                                                                          [0;38;2;45;55;72;48;2;17;22;30m│[0m
[0;38;2;45;55;72;48;2;17;22;30m╰──────────────────────────────────────────────────────────────────────────────────────────────────────────────────────────────────────────╯[0m
[0;38;2;13;17;23;48;2;122;162;247;1m NORMAL [0;38;2;205;214;228;48;2;22;28;38m [0;38;2;108;122;143;48;2;22;28;38mread-only. `.tables` · `.schema blocks` · any SELECT or PRAGMA[0;38;2;205;214;228;48;2;22;28;38m                                                                     [0m
[0;38;2;115;218;202;48;2;13;17;23;1m ⏎ [0;38;2;108;122;143;48;2;13;17;23mrun  [0;38;2;115;218;202;48;2;13;17;23;1m .tables [0;38;2;108;122;143;48;2;13;17;23mlist tables  [0;38;2;115;218;202;48;2;13;17;23;1m ↑↓ [0;38;2;108;122;143;48;2;13;17;23mhistory  [0;38;2;115;218;202;48;2;13;17;23;1m Esc [0;38;2;108;122;143;48;2;13;17;23mleave                                                                                       [0m
