[0;38;2;13;17;23;48;2;115;218;202;1m blok [0;38;2;205;214;228;48;2;13;17;23m  [0;38;2;122;162;247;48;2;13;17;23;1mSQL console[0;38;2;70;80;98;48;2;13;17;23m  ·  [0;38;2;108;122;143;48;2;13;17;23mread-only[0;38;2;13;17;23;48;2;108;122;143;1m  Esc [0;38;2;70;80;98;48;2;13;17;23m leaves[0;38;2;205;214;228;48;2;13;17;23m                                                 [0;38;2;108;122;143;48;2;13;17;23m37 blocks · 12 pages · 11 refs [0;38;2;13;17;23;48;2;230;195;110;1m local [0;38;2;70;80;98;48;2;13;17;23m 09:41 [0m
[0;38;2;96;130;200;48;2;17;22;30m╭[0;38;2;122;162;247;48;2;17;22;30;1m SQL CONSOLE [0;38;2;108;122;143;48;2;17;22;30;1m read-only · SELECT, PRAGMA, EXPLAIN, WITH [0;38;2;96;130;200;48;2;17;22;30m──────────────────────────────────────────────────────────────────────────────────╮[0m
[0;38;2;96;130;200;48;2;17;22;30m│[0;38;2;126;231;135;48;2;17;22;30;1msqlite> [0;38;2;205;214;228;48;2;17;22;30m.tables[0;38;2;255;213;128;48;2;17;22;30m▏[0;38;2;205;214;228;48;2;17;22;30m                                                                                                                          [0;38;2;96;130;200;48;2;17;22;30m│[0m
[0;38;2;96;130;200;48;2;17;22;30m╰──────────────────────────────────────────────────────────────────────────────────────────────────────────────────────────────────────────╯[0m
[0;38;2;45;55;72;48;2;17;22;30m╭[0;38;2;70;80;98;48;2;17;22;30;1m RESULT [0;38;2;45;55;72;48;2;17;22;30m──────────────────────────────────────────────────────────────────────────────────────────────────────────────────────────────────╮[0m
[0;38;2;45;55;72;48;2;17;22;30m│[0;38;2;122;162;247;48;2;17;22;30;1m table              rows[0;38;2;205;214;228;48;2;17;22;30m                                                                                                                  [0;38;2;45;55;72;48;2;17;22;30m│[0m
[0;38;2;45;55;72;48;2;17;22;30m│[0;38;2;70;80;98;48;2;17;22;30m──────────────────────────[0;38;2;205;214;228;48;2;17;22;30m                                                                                                                [0;38;2;45;55;72;48;2;17;22;30m│[0m
[0;38;2;45;55;72;48;2;17;22;30m│[0;38;2;205;214;228;48;2;17;22;30m backup_log        [0;38;2;115;218;202;48;2;17;22;30m 6   [0;38;2;205;214;228;48;2;17;22;30m                                                                                                                  [0;38;2;45;55;72;48;2;17;22;30m│[0m
[0;38;2;45;55;72;48;2;17;22;30m│[0;38;2;205;214;228;48;2;17;22;30m blocks            [0;38;2;115;218;202;48;2;17;22;30m 37  [0;38;2;205;214;228;48;2;17;22;30m                                                                                                                  [0;38;2;45;55;72;48;2;17;22;30m│[0m
[0;38;2;45;55;72;48;2;17;22;30m│[0;38;2;205;214;228;48;2;17;22;30m blocks_fts        [0;38;2;115;218;202;48;2;17;22;30m 37  [0;38;2;205;214;228;48;2;17;22;30m                                                                                                                  [0;38;2;45;55;72;48;2;17;22;30m│[0m
[0;38;2;45;55;72;48;2;17;22;30m│[0;38;2;205;214;228;48;2;17;22;30m blocks_fts_config [0;38;2;115;218;202;48;2;17;22;30m 1   [0;38;2;205;214;228;48;2;17;22;30m                                                                                                                  [0;38;2;45;55;72;48;2;17;22;30m│[0m
[0;38;2;45;55;72;48;2;17;22;30m│[0;38;2;205;214;228;48;2;17;22;30m blocks_fts_data   [0;38;2;115;218;202;48;2;17;22;30m 17  [0;38;2;205;214;228;48;2;17;22;30m                                                                                                                  [0;38;2;45;55;72;48;2;17;22;30m│[0m
[0;38;2;45;55;72;48;2;17;22;30m│[0;38;2;205;214;228;48;2;17;22;30m blocks_fts_docsize[0;38;2;115;218;202;48;2;17;22;30m 37  [0;38;2;205;214;228;48;2;17;22;30m                                                                                                                  [0;38;2;45;55;72;48;2;17;22;30m│[0m
[0;38;2;45;55;72;48;2;17;22;30m│[0;38;2;205;214;228;48;2;17;22;30m blocks_fts_idx    [0;38;2;115;218;202;48;2;17;22;30m 15  [0;38;2;205;214;228;48;2;17;22;30m                                                                                                                  [0;38;2;45;55;72;48;2;17;22;30m│[0m
[0;38;2;45;55;72;48;2;17;22;30m│[0;38;2;205;214;228;48;2;17;22;30m meta              [0;38;2;115;218;202;48;2;17;22;30m 0   [0;38;2;205;214;228;48;2;17;22;30m                                                                                                                  [0;38;2;45;55;72;48;2;17;22;30m│[0m
[0;38;2;45;55;72;48;2;17;22;30m│[0;38;2;205;214;228;48;2;17;22;30m pages             [0;38;2;115;218;202;48;2;17;22;30m 12  [0;38;2;205;214;228;48;2;17;22;30m                                                                                                                  [0;38;2;45;55;72;48;2;17;22;30m│[0m
[0;38;2;45;55;72;48;2;17;22;30m│[0;38;2;205;214;228;48;2;17;22;30m properties        [0;38;2;115;218;202;48;2;17;22;30m 2   [0;38;2;205;214;228;48;2;17;22;30m                                                                                                                  [0;38;2;45;55;72;48;2;17;22;30m│[0m
[0;38;2;45;55;72;48;2;17;22;30m│[0;38;2;205;214;228;48;2;17;22;30m refs              [0;38;2;115;218;202;48;2;17;22;30m 11  [0;38;2;205;214;228;48;2;17;22;30m                                                                                                                  [0;38;2;45;55;72;48;2;17;22;30m│[0m
[0;38;2;45;55;72;48;2;17;22;30m│[0;38;2;205;214;228;48;2;17;22;30m settings          [0;38;2;115;218;202;48;2;17;22;30m 3   [0;38;2;205;214;228;48;2;17;22;30m                                                                                                                  [0;38;2;45;55;72;48;2;17;22;30m│[0m
[0;38;2;45;55;72;48;2;17;22;30m│[0;38;2;205;214;228;48;2;17;22;30m                                                                                                                                          [0;38;2;45;55;72;48;2;17;22;30m│[0m
[0;38;2;45;55;72;48;2;17;22;30m│[0;38;2;205;214;228;48;2;17;22;30m                                                                                                                                          [0;38;2;45;55;72;48;2;17;22;30m│[0m
[0;38;2;45;55;72;48;2;17;22;30m│[0;38;2;205;214;228;48;2;17;22;30m                                                                                                                                          [0;38;2;45;55;72;48;2;17;22;30m│[0m
[0;38;2;45;55;72;48;2;17;22;30m│[0;38;2;205;214;228;48;2;17;22;30m                                                                                                                                          [0;38;2;45;55;72;48;2;17;22;30m│[0m
[0;38;2;45;55;72;48;2;17;22;30m│[0;38;2;205;214;228;48;2;17;22;30m                                                                                                                                          [0;38;2;45;55;72;48;2;17;22;30m│[0m
[0;38;2;45;55;72;48;2;17;22;30m│[0;38;2;205;214;228;48;2;17;22;30m                                                                                                                                          [0;38;2;45;55;72;48;2;17;22;30m│[0m
[0;38;2;45;55;72;48;2;17;22;30m│[0;38;2;205;214;228;48;2;17;22;30m                                                                                                                                          [0;38;2;45;55;72;48;2;17;22;30m│[0m
[0;38;2;45;55;72;48;2;17;22;30m│[0;38;2;205;214;228;48;2;17;22;30m                                                                                                                                          [0;38;2;45;55;72;48;2;17;22;30m│[0m
[0;38;2;45;55;72;48;2;17;22;30m│[0;38;2;205;214;228;48;2;17;22;30m                                                                                                                                          [0;38;2;45;55;72;48;2;17;22;30m│[0m
[0;38;2;45;55;72;48;2;17;22;30m│[0;38;2;205;214;228;48;2;17;22;30m                                                                                                                                          [0;38;2;45;55;72;48;2;17;22;30m│[0m
[0;38;2;45;55;72;48;2;17;22;30m│[0;38;2;205;214;228;48;2;17;22;30m                                                                                                                                          [0;38;2;45;55;72;48;2;17;22;30m│[0m
[0;38;2;45;55;72;48;2;17;22;30m│[0;38;2;205;214;228;48;2;17;22;30m                                                                                                                                          [0;38;2;45;55;72;48;2;17;22;30m│[0m
[0;38;2;45;55;72;48;2;17;22;30m│[0;38;2;205;214;228;48;2;17;22;30m                                                                                                                                          [0;38;2;45;55;72;48;2;17;22;30m│[0m
[0;38;2;45;55;72;48;2;17;22;30m│[0;38;2;205;214;228;48;2;17;22;30m                                                                                                                                          [0;38;2;45;55;72;48;2;17;22;30m│[0m
[0;38;2;45;55;72;48;2;17;22;30m│[0;38;2;205;214;228;48;2;17;22;30m                                                                                                                                          [0;38;2;45;55;72;48;2;17;22;30m│[0m
[0;38;2;45;55;72;48;2;17;22;30m│[0;38;2;205;214;228;48;2;17;22;30m                                                                                                                                          [0;38;2;45;55;72;48;2;17;22;30m│[0m
[0;38;2;45;55;72;48;2;17;22;30m│[0;38;2;205;214;228;48;2;17;22;30m                                                                                                                                          [0;38;2;45;55;72;48;2;17;22;30m│[0m
[0;38;2;45;55;72;48;2;17;22;30m│[0;38;2;205;214;228;48;2;17;22;30m                                                                                                                                          [0;38;2;45;55;72;48;2;17;22;30m│[0m
[0;38;2;45;55;72;48;2;17;22;30m│[0;38;2;205;214;228;48;2;17;22;30m                                                                                                                                          [0;38;2;45;55;72;48;2;17;22;30m│[0m
[0;38;2;45;55;72;48;2;17;22;30m│[0;38;2;205;214;228;48;2;17;22;30m                                                                                                                                          [0;38;2;45;55;72;48;2;17;22;30m│[0m
[0;38;2;45;55;72;48;2;17;22;30m╰──────────────────────────────────────────────────────────────────────────────────────────────────────────────────────────────────────────╯[0m
[0;38;2;13;17;23;48;2;122;162;247;1m NORMAL [0;38;2;205;214;228;48;2;22;28;38m blocks[0;38;2;70;80;98;48;2;22;28;38m  ·  [0;38;2;108;122;143;48;2;22;28;38m12 tables and views[0;38;2;70;80;98;48;2;22;28;38m  ·  block #21[0;38;2;205;214;228;48;2;22;28;38m                                                                [0;38;2;13;17;23;48;2;70;80;98;1m no snapshot yet — :w [0;38;2;205;214;228;48;2;22;28;38m [0m
[0;38;2;115;218;202;48;2;13;17;23;1m ⏎ [0;38;2;108;122;143;48;2;13;17;23mrun  [0;38;2;115;218;202;48;2;13;17;23;1m .tables [0;38;2;108;122;143;48;2;13;17;23mlist tables  [0;38;2;115;218;202;48;2;13;17;23;1m ↑↓ [0;38;2;108;122;143;48;2;13;17;23mhistory  [0;38;2;115;218;202;48;2;13;17;23;1m Ctrl-l [0;38;2;108;122;143;48;2;13;17;23mclear  [0;38;2;115;218;202;48;2;13;17;23;1m Esc [0;38;2;108;122;143;48;2;13;17;23mleave                                                                        [0m
