[0;38;2;96;130;200;48;2;17;22;30m╭[0;38;2;122;162;247;48;2;17;22;30;1m SQLite [0;38;2;108;122;143;48;2;17;22;30;1m 2 blocks · 1 ref [0;38;2;96;130;200;48;2;17;22;30m────────────────────────────────────────────────────────────────────────────────────────────────────────────────╮[0m
[0;38;2;96;130;200;48;2;17;22;30m│[0;38;2;122;162;247;48;2;35;46;66m▌• [0;38;2;205;214;228;48;2;35;46;66mWAL, FTS5, VACUUM INTO, fractional indexing[0;38;2;205;214;228;48;2;17;22;30m                                                                                            [0;38;2;96;130;200;48;2;17;22;30m│[0m
[0;38;2;96;130;200;48;2;17;22;30m│[0;38;2;205;214;228;48;2;17;22;30m [0;38;2;70;80;98;48;2;17;22;30m• [0;38;2;205;214;228;48;2;22;28;38mlet page = db.page_by_name("SQLite")?; // [[not a link]][0;38;2;115;218;202;48;2;22;28;38m  CODE · rust[0;38;2;205;214;228;48;2;22;28;38m                                                                  [0;38;2;96;130;200;48;2;17;22;30m│[0m
[0;38;2;96;130;200;48;2;17;22;30m│[0;38;2;205;214;228;48;2;22;28;38m   // #not a tag, and id:: is not a property                                                                                              [0;38;2;96;130;200;48;2;17;22;30m│[0m
[0;38;2;96;130;200;48;2;17;22;30m│[0;38;2;205;214;228;48;2;22;28;38m   for (i, b) in db.page_blocks(page.id).iter().enumerate() {                                                                             [0;38;2;96;130;200;48;2;17;22;30m│[0m
[0;38;2;96;130;200;48;2;17;22;30m│[0;38;2;205;214;228;48;2;22;28;38m       println!("{:>6}  {}", b.id, snippet(&b.content, 40));                                                                              [0;38;2;96;130;200;48;2;17;22;30m│[0m
[0;38;2;96;130;200;48;2;17;22;30m│[0;38;2;205;214;228;48;2;22;28;38m       if i % 100 == 0 {                                                                                                                  [0;38;2;96;130;200;48;2;17;22;30m│[0m
[0;38;2;96;130;200;48;2;17;22;30m│[0;38;2;205;214;228;48;2;22;28;38m           stdout().flush()?;                                                                                                             [0;38;2;96;130;200;48;2;17;22;30m│[0m
[0;38;2;96;130;200;48;2;17;22;30m│[0;38;2;205;214;228;48;2;22;28;38m       }                                                                                                                                  [0;38;2;96;130;200;48;2;17;22;30m│[0m
[0;38;2;96;130;200;48;2;17;22;30m│[0;38;2;205;214;228;48;2;22;28;38m   }                                                                                                                                      [0;38;2;96;130;200;48;2;17;22;30m│[0m
[0;38;2;96;130;200;48;2;17;22;30m│[0;38;2;205;214;228;48;2;17;22;30m                                                                                                                                          [0;38;2;96;130;200;48;2;17;22;30m│[0m
[0;38;2;96;130;200;48;2;17;22;30m│[0;38;2;205;214;228;48;2;17;22;30m                                                                                                                                          [0;38;2;96;130;200;48;2;17;22;30m│[0m
[0;38;2;96;130;200;48;2;17;22;30m│[0;38;2;205;214;228;48;2;17;22;30m                                                                                                                                          [0;38;2;96;130;200;48;2;17;22;30m│[0m
[0;38;2;96;130;200;48;2;17;22;30m│[0;38;2;205;214;228;48;2;17;22;30m                                                                                                                                          [0;38;2;96;130;200;48;2;17;22;30m│[0m
[0;38;2;96;130;200;48;2;17;22;30m│[0;38;2;205;214;228;48;2;17;22;30m                                                                                                                                          [0;38;2;96;130;200;48;2;17;22;30m│[0m
[0;38;2;96;130;200;48;2;17;22;30m│[0;38;2;205;214;228;48;2;17;22;30m                                                                                                                                          [0;38;2;96;130;200;48;2;17;22;30m│[0m
[0;38;2;96;130;200;48;2;17;22;30m│[0;38;2;205;214;228;48;2;17;22;30m                                                                                                                                          [0;38;2;96;130;200;48;2;17;22;30m│[0m
[0;38;2;96;130;200;48;2;17;22;30m│[0;38;2;205;214;228;48;2;17;22;30m                                                                                                                                          [0;38;2;96;130;200;48;2;17;22;30m│[0m
[0;38;2;96;130;200;48;2;17;22;30m│[0;38;2;205;214;228;48;2;17;22;30m                                                                                                                                          [0;38;2;96;130;200;48;2;17;22;30m│[0m
[0;38;2;96;130;200;48;2;17;22;30m│[0;38;2;205;214;228;48;2;17;22;30m                                                                                                                                          [0;38;2;96;130;200;48;2;17;22;30m│[0m
[0;38;2;96;130;200;48;2;17;22;30m│[0;38;2;205;214;228;48;2;17;22;30m                                                                                                                                          [0;38;2;96;130;200;48;2;17;22;30m│[0m
[0;38;2;96;130;200;48;2;17;22;30m│[0;38;2;205;214;228;48;2;17;22;30m                                                                                                                                          [0;38;2;96;130;200;48;2;17;22;30m│[0m
[0;38;2;96;130;200;48;2;17;22;30m│[0;38;2;205;214;228;48;2;17;22;30m                                                                                                                                          [0;38;2;96;130;200;48;2;17;22;30m│[0m
[0;38;2;96;130;200;48;2;17;22;30m│[0;38;2;205;214;228;48;2;17;22;30m                                                                                                                                          [0;38;2;96;130;200;48;2;17;22;30m│[0m
[0;38;2;96;130;200;48;2;17;22;30m│[0;38;2;205;214;228;48;2;17;22;30m                                                                                                                                          [0;38;2;96;130;200;48;2;17;22;30m│[0m
[0;38;2;96;130;200;48;2;17;22;30m│[0;38;2;205;214;228;48;2;17;22;30m                                                                                                                                          [0;38;2;96;130;200;48;2;17;22;30m│[0m
[0;38;2;96;130;200;48;2;17;22;30m│[0;38;2;205;214;228;48;2;17;22;30m                                                                                                                                          [0;38;2;96;130;200;48;2;17;22;30m│[0m
[0;38;2;96;130;200;48;2;17;22;30m│[0;38;2;205;214;228;48;2;17;22;30m                                                                                                                                          [0;38;2;96;130;200;48;2;17;22;30m│[0m
[0;38;2;96;130;200;48;2;17;22;30m│[0;38;2;205;214;228;48;2;17;22;30m                                                                                                                                          [0;38;2;96;130;200;48;2;17;22;30m│[0m
[0;38;2;96;130;200;48;2;17;22;30m│[0;38;2;205;214;228;48;2;17;22;30m                                                                                                                                          [0;38;2;96;130;200;48;2;17;22;30m│[0m
[0;38;2;96;130;200;48;2;17;22;30m│[0;38;2;205;214;228;48;2;17;22;30m                                                                                                                                          [0;38;2;96;130;200;48;2;17;22;30m│[0m
[0;38;2;96;130;200;48;2;17;22;30m│[0;38;2;205;214;228;48;2;17;22;30m                                                                                                                                          [0;38;2;96;130;200;48;2;17;22;30m│[0m
[0;38;2;96;130;200;48;2;17;22;30m│[0;38;2;205;214;228;48;2;17;22;30m                                                                                                                                          [0;38;2;96;130;200;48;2;17;22;30m│[0m
[0;38;2;96;130;200;48;2;17;22;30m│[0;38;2;205;214;228;48;2;17;22;30m                                                                                                                                          [0;38;2;96;130;200;48;2;17;22;30m│[0m
[0;38;2;96;130;200;48;2;17;22;30m│[0;38;2;205;214;228;48;2;17;22;30m                                                                                                                                          [0;38;2;96;130;200;48;2;17;22;30m│[0m
[0;38;2;96;130;200;48;2;17;22;30m│[0;38;2;205;214;228;48;2;17;22;30m                                                                                                                                          [0;38;2;96;130;200;48;2;17;22;30m│[0m
[0;38;2;96;130;200;48;2;17;22;30m│[0;38;2;205;214;228;48;2;17;22;30m                                                                                                                                          [0;38;2;96;130;200;48;2;17;22;30m│[0m
[0;38;2;96;130;200;48;2;17;22;30m│[0;38;2;205;214;228;48;2;17;22;30m                                                                                                                                          [0;38;2;96;130;200;48;2;17;22;30m│[0m
[0;38;2;96;130;200;48;2;17;22;30m│[0;38;2;205;214;228;48;2;17;22;30m                                                                                                                                          [0;38;2;96;130;200;48;2;17;22;30m│[0m
[0;38;2;96;130;200;48;2;17;22;30m╰──────────────────────────────────────────────────────────────────────────────────────────────────────────────────────────────────────────╯[0m
[0;38;2;13;17;23;48;2;122;162;247;1m NORMAL [0;38;2;205;214;228;48;2;22;28;38m   1/2                                                                                                                              [0m
[0;38;2;115;218;202;48;2;13;17;23;1m m [0;38;2;108;122;143;48;2;13;17;23mmetadata  [0;38;2;115;218;202;48;2;13;17;23;1m j/k [0;38;2;108;122;143;48;2;13;17;23mblocks  [0;38;2;115;218;202;48;2;13;17;23;1m ⏎ / i [0;38;2;108;122;143;48;2;13;17;23medit  [0;38;2;115;218;202;48;2;13;17;23;1m w b e [0;38;2;108;122;143;48;2;13;17;23mwords  [0;38;2;115;218;202;48;2;13;17;23;1m / [0;38;2;108;122;143;48;2;13;17;23mfind  [0;38;2;115;218;202;48;2;13;17;23;1m o [0;38;2;108;122;143;48;2;13;17;23mnew block  [0;38;2;115;218;202;48;2;13;17;23;1m [ ] [0;38;2;108;122;143;48;2;13;17;23mback / forward  [0;38;2;115;218;202;48;2;13;17;23;1m ? [0;38;2;108;122;143;48;2;13;17;23mall keys                                [0m
