[0;38;2;96;130;200;48;2;17;22;30m╭[0;38;2;122;162;247;48;2;17;22;30;1m SQLite [0;38;2;108;122;143;48;2;17;22;30;1m 2 blocks · 1 ref [0;38;2;96;130;200;48;2;17;22;30m────────────────────────────────────────────────────────────────────────────────────────────────────────────────╮[0m
[0;38;2;96;130;200;48;2;17;22;30m│[0;38;2;205;214;228;48;2;35;46;66m   // line 13 of the snippet                                                                                                              [0;38;2;96;130;200;48;2;17;22;30m│[0m
[0;38;2;96;130;200;48;2;17;22;30m│[0;38;2;205;214;228;48;2;35;46;66m   // line 14 of the snippet                                                                                                              [0;38;2;96;130;200;48;2;17;22;30m│[0m
[0;38;2;96;130;200;48;2;17;22;30m│[0;38;2;205;214;228;48;2;35;46;66m   // line 15 of the snippet                                                                                                              [0;38;2;96;130;200;48;2;17;22;30m│[0m
[0;38;2;96;130;200;48;2;17;22;30m│[0;38;2;205;214;228;48;2;35;46;66m   // line 16 of the snippet                                                                                                              [0;38;2;96;130;200;48;2;17;22;30m│[0m
[0;38;2;96;130;200;48;2;17;22;30m│[0;38;2;205;214;228;48;2;35;46;66m   // line 17 of the snippet                                                                                                              [0;38;2;96;130;200;48;2;17;22;30m│[0m
[0;38;2;96;130;200;48;2;17;22;30m│[0;38;2;205;214;228;48;2;35;46;66m   // line 18 of the snippet                                                                                                              [0;38;2;96;130;200;48;2;17;22;30m│[0m
[0;38;2;96;130;200;48;2;17;22;30m│[0;38;2;205;214;228;48;2;35;46;66m   // line 19 of the snippet                                                                                                              [0;38;2;96;130;200;48;2;17;22;30m│[0m
[0;38;2;96;130;200;48;2;17;22;30m│[0;38;2;205;214;228;48;2;35;46;66m   // line 20 of the snippet                                                                                                              [0;38;2;96;130;200;48;2;17;22;30m│[0m
[0;38;2;96;130;200;48;2;17;22;30m│[0;38;2;205;214;228;48;2;35;46;66m   // line 21 of the snippet                                                                                                              [0;38;2;96;130;200;48;2;17;22;30m│[0m
[0;38;2;96;130;200;48;2;17;22;30m│[0;38;2;205;214;228;48;2;35;46;66m   // line 22 of the snippet                                                                                                              [0;38;2;96;130;200;48;2;17;22;30m│[0m
[0;38;2;96;130;200;48;2;17;22;30m│[0;38;2;205;214;228;48;2;35;46;66m   // line 23 of the snippet                                                                                                              [0;38;2;96;130;200;48;2;17;22;30m│[0m
[0;38;2;96;130;200;48;2;17;22;30m│[0;38;2;205;214;228;48;2;35;46;66m   // line 24 of the snippet                                                                                                              [0;38;2;96;130;200;48;2;17;22;30m│[0m
[0;38;2;96;130;200;48;2;17;22;30m│[0;38;2;205;214;228;48;2;35;46;66m   // line 25 of the snippet                                                                                                              [0;38;2;96;130;200;48;2;17;22;30m│[0m
[0;38;2;96;130;200;48;2;17;22;30m│[0;38;2;205;214;228;48;2;35;46;66m   // line 26 of the snippet                                                                                                              [0;38;2;96;130;200;48;2;17;22;30m│[0m
[0;38;2;96;130;200;48;2;17;22;30m│[0;38;2;205;214;228;48;2;35;46;66m   // line 27 of the snippet                                                                                                              [0;38;2;96;130;200;48;2;17;22;30m│[0m
[0;38;2;96;130;200;48;2;17;22;30m│[0;38;2;205;214;228;48;2;35;46;66m   // line 28 of the snippet                                                                                                              [0;38;2;96;130;200;48;2;17;22;30m│[0m
[0;38;2;96;130;200;48;2;17;22;30m│[0;38;2;205;214;228;48;2;35;46;66m   // line 29 of the snippet                                                                                                              [0;38;2;96;130;200;48;2;17;22;30m│[0m
[0;38;2;96;130;200;48;2;17;22;30m│[0;38;2;205;214;228;48;2;35;46;66m   // line 30 of the snippet                                                                                                              [0;38;2;96;130;200;48;2;17;22;30m│[0m
[0;38;2;96;130;200;48;2;17;22;30m│[0;38;2;205;214;228;48;2;35;46;66m   // line 31 of the snippet                                                                                                              [0;38;2;96;130;200;48;2;17;22;30m│[0m
[0;38;2;96;130;200;48;2;17;22;30m│[0;38;2;205;214;228;48;2;35;46;66m   // line 32 of the snippet                                                                                                              [0;38;2;96;130;200;48;2;17;22;30m│[0m
[0;38;2;96;130;200;48;2;17;22;30m│[0;38;2;205;214;228;48;2;35;46;66m   // line 33 of the snippet                                                                                                              [0;38;2;96;130;200;48;2;17;22;30m│[0m
[0;38;2;96;130;200;48;2;17;22;30m│[0;38;2;205;214;228;48;2;35;46;66m   // line 34 of the snippet                                                                                                              [0;38;2;96;130;200;48;2;17;22;30m│[0m
[0;38;2;96;130;200;48;2;17;22;30m│[0;38;2;205;214;228;48;2;35;46;66m   // line 35 of the snippet                                                                                                              [0;38;2;96;130;200;48;2;17;22;30m│[0m
[0;38;2;96;130;200;48;2;17;22;30m│[0;38;2;205;214;228;48;2;35;46;66m   // line 36 of the snippet                                                                                                              [0;38;2;96;130;200;48;2;17;22;30m│[0m
[0;38;2;96;130;200;48;2;17;22;30m│[0;38;2;205;214;228;48;2;35;46;66m   // line 37 of the snippet                                                                                                              [0;38;2;96;130;200;48;2;17;22;30m│[0m
[0;38;2;96;130;200;48;2;17;22;30m│[0;38;2;205;214;228;48;2;35;46;66m   // line 38 of the snippet                                                                                                              [0;38;2;96;130;200;48;2;17;22;30m│[0m
[0;38;2;96;130;200;48;2;17;22;30m│[0;38;2;205;214;228;48;2;35;46;66m   // line 39 of the snippet                                                                                                              [0;38;2;96;130;200;48;2;17;22;30m│[0m
[0;38;2;96;130;200;48;2;17;22;30m│[0;38;2;205;214;228;48;2;35;46;66m   // line 40 of the snippet                                                                                                              [0;38;2;96;130;200;48;2;17;22;30m│[0m
[0;38;2;96;130;200;48;2;17;22;30m│[0;38;2;205;214;228;48;2;35;46;66m   // line 41 of the snippet                                                                                                              [0;38;2;96;130;200;48;2;17;22;30m│[0m
[0;38;2;96;130;200;48;2;17;22;30m│[0;38;2;205;214;228;48;2;35;46;66m   // line 42 of the snippet                                                                                                              [0;38;2;96;130;200;48;2;17;22;30m│[0m
[0;38;2;96;130;200;48;2;17;22;30m│[0;38;2;205;214;228;48;2;35;46;66m   // line 43 of the snippet                                                                                                              [0;38;2;96;130;200;48;2;17;22;30m│[0m
[0;38;2;96;130;200;48;2;17;22;30m│[0;38;2;205;214;228;48;2;35;46;66m   // line 44 of the snippet                                                                                                              [0;38;2;96;130;200;48;2;17;22;30m│[0m
[0;38;2;96;130;200;48;2;17;22;30m│[0;38;2;205;214;228;48;2;35;46;66m   // line 45 of the snippet                                                                                                              [0;38;2;96;130;200;48;2;17;22;30m│[0m
[0;38;2;96;130;200;48;2;17;22;30m│[0;38;2;205;214;228;48;2;35;46;66m   // line 46 of the snippet                                                                                                              [0;38;2;96;130;200;48;2;17;22;30m│[0m
[0;38;2;96;130;200;48;2;17;22;30m│[0;38;2;205;214;228;48;2;35;46;66m   // line 47 of the snippet                                                                                                              [0;38;2;96;130;200;48;2;17;22;30m│[0m
[0;38;2;96;130;200;48;2;17;22;30m│[0;38;2;205;214;228;48;2;35;46;66m   // line 48 of the snippet                                                                                                              [0;38;2;96;130;200;48;2;17;22;30m│[0m
[0;38;2;96;130;200;48;2;17;22;30m│[0;38;2;205;214;228;48;2;35;46;66m   // line 49 of the snippet                                                                                                              [0;38;2;96;130;200;48;2;17;22;30m│[0m
[0;38;2;96;130;200;48;2;17;22;30m│[0;38;2;205;214;228;48;2;35;46;66m   // line 50 of the snippet[0;38;2;13;17;23;48;2;255;213;128m [0;38;2;205;214;228;48;2;35;46;66m                                                                                                             [0;38;2;96;130;200;48;2;17;22;30m│[0m
[0;38;2;96;130;200;48;2;17;22;30m╰──────────────────────────────────────────────────────────────────────────────────────────────────────────────────────────────────────────╯[0m
[0;38;2;13;17;23;48;2;126;231;135;1m INSERT [0;38;2;205;214;228;48;2;22;28;38m   2/2                                                                                                              [0;38;2;255;213;128;48;2;22;28;38mline 51, col 26 [0m
[0;38;2;115;218;202;48;2;13;17;23;1m Esc [0;38;2;108;122;143;48;2;13;17;23mstop editing  [0;38;2;115;218;202;48;2;13;17;23;1m ⏎ [0;38;2;108;122;143;48;2;13;17;23mnewline  [0;38;2;115;218;202;48;2;13;17;23;1m Tab / Shift-Tab [0;38;2;108;122;143;48;2;13;17;23mindent / dedent  [0;38;2;115;218;202;48;2;13;17;23;1m ↑ ↓ [0;38;2;108;122;143;48;2;13;17;23mbetween lines                                                         [0m
